882
0 40.745164 -73.982519
1 40.719762 -74.250014
2 40.786713 -74.175476
3 40.786906 -74.175405
4 40.885440 -74.138870
5 40.639041 -73.997941
6 40.868737 -73.900660
7 40.724360 -73.997479
8 40.717138 -74.038914
9 40.606133 -74.179044
10 40.911434 -74.036274
11 40.785143 -74.176473
12 40.741673 -73.974288
13 40.760260 -73.982765
14 40.956729 -74.063001
15 40.710801 -74.006082
16 40.635357 -74.106386
17 40.860884 -73.889906
18 40.883668 -74.056263
19 40.604755 -73.942589
20 40.882215 -73.839667
21 40.758522 -73.782164
22 40.909812 -73.908526
23 40.765470 -73.980412
24 40.668847 -73.979973
25 40.702500 -73.819472
26 40.584261 -73.945985
27 40.718928 -73.989455
28 40.734790 -73.989709
29 40.730553 -73.887885
30 40.613112 -74.033756
31 40.743075 -74.002988
32 40.711575 -73.857157
33 40.879938 -73.880868
34 40.895825 -74.053215
35 40.607925 -73.964188
36 40.716091 -74.052184
37 40.765699 -73.954567
38 40.716314 -74.050276
39 40.767876 -73.738779
40 40.656929 -74.227966
41 40.744576 -74.028841
42 40.916926 -74.076468
43 40.714262 -73.801172
44 40.883711 -74.010833
45 40.793937 -73.996045
46 40.707951 -73.785737
47 40.738665 -73.975303
48 40.592983 -73.949244
49 40.751588 -73.980383
50 40.737743 -73.978317
51 40.763585 -73.968916
52 40.906124 -74.076942
53 40.714671 -74.008676
54 40.731436 -74.055889
55 40.692572 -73.986306
56 40.734806 -74.059430
57 40.774734 -74.032396
58 40.894164 -73.860746
59 40.779514 -73.953751
60 40.601637 -73.994198
61 40.789293 -73.969870
62 40.691607 -73.987419
63 40.717405 -73.804517
64 40.717176 -73.804135
65 40.717771 -73.804465
66 40.953982 -74.072431
67 40.842314 -73.942564
68 40.776967 -73.701482
69 40.618861 -74.020909
70 40.794392 -73.940468
71 40.769940 -73.940457
72 40.790304 -73.951937
73 40.825487 -73.839646
74 40.790058 -73.953250
75 40.744010 -73.857559
76 40.740787 -74.191189
77 40.646717 -74.021115
78 40.691863 -73.768439
79 40.732137 -73.984938
80 40.899049 -73.971277
81 40.899112 -73.971028
82 40.792021 -73.973909
83 40.717347 -74.007061
84 40.664360 -74.117742
85 40.698052 -73.835379
86 40.656307 -73.858185
87 40.669660 -74.113148
88 40.754393 -73.982309
89 40.762567 -73.758700
90 40.733269 -73.982805
91 40.762454 -73.972170
92 40.645898 -74.020272
93 40.880514 -73.881093
94 40.904010 -73.968415
95 40.829344 -74.102945
96 40.902809 -74.165998
97 40.855500 -73.846235
98 40.754507 -73.709153
99 40.744768 -73.975344
100 40.744361 -73.975304
101 40.763787 -73.770905
102 40.765604 -73.972015
103 40.739342 -73.988315
104 40.778620 -73.961189
105 40.830932 -73.901642
106 40.960551 -74.029814
107 40.959961 -74.030371
108 40.589995 -73.805571
109 40.624442 -74.027760
110 40.700227 -73.816388
111 40.793721 -73.951019
112 40.700455 -73.943023
113 40.656111 -73.949400
114 40.654059 -73.945250
115 40.653480 -73.947058
116 40.655248 -73.944039
117 40.654246 -73.945055
118 40.755903 -73.966770
119 40.743703 -74.028971
120 40.884313 -74.056286
121 40.737551 -73.876165
122 40.754823 -74.214221
123 40.733192 -73.982616
124 40.791780 -74.048065
125 40.656713 -73.943181
126 40.615403 -74.022814
127 40.773644 -73.960819
128 40.784863 -73.944941
129 40.746292 -73.973341
130 40.745012 -73.885335
131 40.690396 -73.994753
132 40.759369 -73.966942
133 40.578366 -73.983476
134 40.655130 -73.945755
135 40.768451 -73.924802
136 40.778930 -73.982583
137 40.627547 -74.029391
138 40.890095 -74.057222
139 40.763200 -73.968350
140 40.891089 -74.213109
141 40.738917 -73.987663
142 40.642479 -73.902664
143 40.773592 -74.239715
144 40.629950 -74.025419
145 40.763958 -73.968227
146 40.738436 -73.999452
147 40.788759 -73.952695
148 40.721054 -73.807280
149 40.740993 -74.186758
150 40.631688 -73.986690
151 40.840535 -73.941207
152 40.918982 -74.069229
153 40.862535 -74.144008
154 40.789062 -73.954761
155 40.788658 -73.953596
156 40.764108 -74.149185
157 40.769849 -73.987384
158 40.841394 -73.942931
159 40.676798 -73.898375
160 40.825578 -73.839669
161 40.740689 -73.993306
162 40.866958 -73.905845
163 40.765138 -73.978078
164 40.838760 -73.941443
165 40.848785 -73.838107
166 40.663275 -74.105979
167 40.742950 -73.882286
168 40.591851 -73.971567
169 40.784239 -73.954267
170 40.889556 -73.975855
171 40.889559 -73.975705
172 40.936710 -73.854330
173 40.794237 -74.268308
174 40.765513 -73.954819
175 40.745623 -73.975817
176 40.791620 -73.702011
177 40.764070 -73.954262
178 40.737015 -73.981354
179 40.684499 -73.845486
180 40.595948 -73.980285
181 40.764665 -73.954811
182 40.638737 -73.999006
183 40.700002 -73.816361
184 40.893108 -74.206282
185 40.605638 -73.989135
186 40.735682 -74.001160
187 40.735831 -73.993657
188 40.777410 -73.954503
189 40.646033 -74.020450
190 40.780350 -74.135589
191 40.727449 -73.990556
192 40.584757 -74.085102
193 40.755742 -73.816967
194 40.790164 -73.952322
195 40.817144 -73.925457
196 40.848748 -73.845806
197 40.739045 -73.980165
198 40.676495 -73.733830
199 40.696032 -73.972767
200 40.837497 -73.924039
201 40.709569 -74.088112
202 40.760683 -73.972278
203 40.760326 -73.958073
204 40.747373 -73.982047
205 40.746802 -73.825336
206 40.746531 -73.825190
207 40.667418 -73.990237
208 40.770012 -73.985946
209 40.774997 -73.909944
210 40.713913 -73.998334
211 40.614789 -74.033739
212 40.643146 -73.943522
213 40.793908 -73.972411
214 40.745014 -73.885717
215 40.855300 -73.887741
216 40.741413 -73.996842
217 40.613236 -74.065538
218 40.765030 -73.963452
219 40.763984 -73.963532
220 40.703855 -73.917947
221 40.746180 -73.986296
222 40.854952 -73.888206
223 40.782691 -73.716114
224 40.764226 -73.990903
225 40.714027 -73.992284
226 40.921771 -74.070554
227 40.731926 -73.998874
228 40.665438 -73.958395
229 40.700264 -73.831132
230 40.794407 -74.119329
231 40.829215 -74.103060
232 40.885301 -74.040561
233 40.753436 -73.967454
234 40.831770 -73.982420
235 40.754956 -73.816559
236 40.794539 -74.119380
237 40.759870 -73.973628
238 40.742152 -73.991368
239 40.666832 -73.975247
240 40.761140 -73.923399
241 40.884281 -74.058222
242 40.959735 -74.029749
243 40.741351 -73.996774
244 40.739825 -73.998759
245 40.681243 -73.845154
246 40.710052 -74.212475
247 40.878579 -74.047127
248 40.718199 -74.000418
249 40.848091 -73.844017
250 40.730406 -73.984418
251 40.900187 -74.069383
252 40.739985 -73.984522
253 40.724976 -74.003631
254 40.765589 -73.952729
255 40.585816 -73.965420
256 40.881149 -73.908784
257 40.876725 -74.216166
258 40.618868 -74.028489
259 40.753387 -74.235858
260 40.737774 -73.988262
261 40.728787 -73.851986
262 40.729349 -74.149494
263 40.666835 -73.868206
264 40.873052 -73.912459
265 40.814353 -73.940153
266 40.736965 -74.000504
267 40.904102 -74.078226
268 40.811592 -74.203634
269 40.883989 -74.057296
270 40.713241 -73.987095
271 40.575368 -74.001405
272 40.916062 -74.072057
273 40.914802 -74.172135
274 40.968363 -73.885717
275 40.758394 -74.148793
276 40.718797 -74.000968
277 40.766243 -73.772287
278 40.742138 -74.000245
279 40.761641 -73.916765
280 40.715908 -73.997324
281 40.689960 -73.997881
282 40.708211 -74.011177
283 40.744955 -73.980364
284 40.742900 -73.986611
285 40.733345 -73.759637
286 40.911307 -74.037165
287 40.804694 -73.996159
288 40.790112 -73.952930
289 40.686292 -73.982466
290 40.681209 -73.980605
291 40.691044 -73.951352
292 40.734840 -73.864453
293 40.848485 -73.911667
294 40.744369 -73.974426
295 40.742118 -73.974555
296 40.852741 -73.891168
297 40.669938 -73.944131
298 40.628905 -74.019778
299 40.669295 -73.859487
300 40.841524 -73.941180
301 40.788634 -73.814732
302 40.885438 -73.910173
303 40.868261 -73.902073
304 40.824095 -73.988240
305 40.753580 -73.967487
306 40.896149 -73.978558
307 40.759272 -73.967346
308 40.741307 -74.033904
309 40.829677 -73.945454
310 40.763901 -73.963394
311 40.805559 -73.961935
312 40.704537 -74.006278
313 40.601585 -73.994025
314 40.784987 -73.710355
315 40.708174 -74.007705
316 40.882751 -74.008191
317 40.911092 -74.076508
318 40.763891 -73.787800
319 40.694680 -73.993984
320 40.877634 -74.011636
321 40.743342 -73.917597
322 40.734870 -74.049964
323 40.586960 -73.965305
324 40.587940 -73.963000
325 40.769746 -73.986673
326 40.667039 -74.114520
327 40.670244 -73.997324
328 40.772883 -73.906252
329 40.769278 -73.983557
330 40.728990 -74.048381
331 40.720236 -73.958647
332 40.670557 -73.972824
333 40.669623 -73.985990
334 40.620544 -73.964479
335 40.635076 -73.963756
336 40.749178 -73.875681
337 40.881417 -73.978696
338 40.669478 -73.976695
339 40.880855 -73.878881
340 40.884147 -74.058931
341 40.870022 -74.181906
342 40.719577 -73.843131
343 40.765324 -73.960077
344 40.668254 -73.980249
345 40.734230 -73.983373
346 40.746919 -73.983745
347 40.753889 -73.970389
348 40.658493 -74.214525
349 40.739193 -74.191425
350 40.959574 -74.031516
351 40.841154 -73.942839
352 40.733225 -74.006358
353 40.774319 -74.031717
354 40.733077 -74.002323
355 40.758496 -73.990099
356 40.742358 -73.997442
357 40.751709 -73.980320
358 40.729001 -73.851754
359 40.879701 -73.983052
360 40.690428 -73.981580
361 40.620477 -74.027006
362 40.867840 -73.897927
363 40.753471 -73.967710
364 40.755873 -73.818050
365 40.685744 -73.968511
366 40.717416 -74.241739
367 40.793680 -73.996716
368 40.723186 -74.056613
369 40.886316 -74.020665
370 40.886405 -74.020594
371 40.629406 -74.111810
372 40.744589 -73.987500
373 40.784592 -73.948734
374 40.794454 -74.119302
375 40.973473 -73.962648
376 40.743318 -73.993451
377 40.934863 -74.051697
378 40.741041 -74.005773
379 40.592667 -73.925226
380 40.741746 -74.190309
381 40.735486 -73.998091
382 40.886193 -73.913825
383 40.834094 -73.861022
384 40.761779 -73.968589
385 40.713462 -74.004618
386 40.735626 -73.983522
387 40.736820 -73.993285
388 40.819657 -74.214636
389 40.916498 -74.075704
390 40.657302 -73.946358
391 40.859378 -74.137069
392 40.900288 -73.969011
393 40.790260 -73.725136
394 40.741592 -73.984840
395 40.791283 -73.952088
396 40.909692 -73.780389
397 40.893462 -74.073267
398 40.849646 -73.934901
399 40.779293 -73.984878
400 40.768125 -73.984418
401 40.633751 -74.011866
402 40.780411 -74.135577
403 40.625635 -73.957672
404 40.747295 -73.993067
405 40.690238 -73.977771
406 40.631884 -73.974672
407 40.850534 -74.036264
408 40.758210 -73.970741
409 40.940467 -74.098405
410 40.658119 -73.933984
411 40.609196 -74.000197
412 40.663870 -73.930222
413 40.909921 -74.074232
414 40.709090 -74.010311
415 40.803577 -73.940220
416 40.668829 -73.712568
417 40.852055 -73.933134
418 40.740060 -74.003298
419 40.699738 -73.905252
420 40.710640 -74.213894
421 40.716480 -73.996609
422 40.740716 -73.992234
423 40.734938 -74.049761
424 40.840346 -74.048030
425 40.814352 -74.109816
426 40.834150 -74.253367
427 40.967724 -73.884015
428 40.967940 -74.073938
429 40.983611 -74.015588
430 40.766755 -73.980997
431 40.953460 -74.108090
432 40.764159 -73.813219
433 40.718857 -73.996240
434 40.618521 -73.942934
435 40.663385 -73.854188
436 40.755776 -73.692021
437 40.932030 -73.996274
438 40.626749 -74.023927
439 40.727159 -74.038733
440 40.775426 -73.848232
441 40.706980 -73.697286
442 40.903853 -74.165738
443 40.723332 -74.003000
444 40.790596 -73.952551
445 40.862595 -74.163399
446 40.748588 -73.988263
447 40.746829 -73.996309
448 40.882890 -74.056568
449 40.881056 -73.877279
450 40.737929 -74.031673
451 40.835307 -73.847866
452 40.764109 -73.971470
453 40.728656 -74.152430
454 40.740017 -74.003413
455 40.741068 -73.999722
456 40.765506 -73.980188
457 40.723311 -74.000633
458 40.767182 -73.984004
459 40.764488 -73.977203
460 40.640120 -74.012050
461 40.711034 -73.856250
462 40.601654 -74.162928
463 40.769876 -73.963159
464 40.772722 -73.953832
465 40.641029 -73.985469
466 40.804472 -73.963146
467 40.815529 -73.943076
468 40.854310 -73.910053
469 40.858340 -73.855469
470 40.755527 -73.693976
471 40.859136 -74.137373
472 40.727955 -73.805632
473 40.765449 -73.825006
474 40.755606 -73.707011
475 40.721986 -73.849243
476 40.847527 -73.920479
477 40.715998 -74.081854
478 40.634472 -74.023619
479 40.909686 -73.781390
480 40.662466 -73.890566
481 40.692503 -73.977714
482 40.764226 -73.956785
483 40.775055 -74.032260
484 40.715718 -73.998472
485 40.845883 -73.845568
486 40.790310 -73.952069
487 40.783030 -73.730912
488 40.729429 -73.780199
489 40.852086 -74.132924
490 40.691338 -73.820319
491 40.691379 -73.820893
492 40.897651 -74.074271
493 40.884358 -73.984478
494 40.742599 -73.996688
495 40.968601 -73.877440
496 40.745271 -73.994276
497 40.737252 -73.981611
498 40.885244 -74.043016
499 40.881471 -73.880922
500 40.751223 -73.710794
501 40.719655 -73.726792
502 40.747405 -74.048547
503 40.766934 -73.987489
504 40.764265 -73.690240
505 40.721652 -73.849077
506 40.960160 -74.071242
507 40.668042 -73.979788
508 40.718426 -73.836895
509 40.730191 -73.840784
510 40.738225 -73.879300
511 40.784536 -73.951696
512 40.753276 -73.994765
513 40.888223 -73.911644
514 40.970955 -73.958545
515 40.745159 -73.978908
516 40.751261 -73.979284
517 40.840889 -73.943092
518 40.840776 -73.942965
519 40.703730 -73.895699
520 40.754384 -73.707574
521 40.633332 -74.012004
522 40.740074 -74.003247
523 40.734391 -73.986427
524 40.608298 -73.961425
525 40.747148 -74.188431
526 40.667944 -74.112697
527 40.829206 -74.103072
528 40.777411 -73.701482
529 40.828148 -73.823640
530 40.710441 -74.008200
531 40.798670 -74.008830
532 40.729935 -73.978661
533 40.801990 -73.931200
534 40.706987 -73.752417
535 40.638423 -73.997583
536 40.613625 -74.019371
537 40.827026 -74.187706
538 40.665672 -74.116640
539 40.935602 -74.051748
540 40.880955 -73.879013
541 40.720648 -73.987144
542 40.778639 -74.238334
543 40.745285 -73.993038
544 40.795065 -73.969151
545 40.710345 -74.005103
546 40.733177 -73.983241
547 40.768095 -73.980963
548 40.608766 -73.924842
549 40.608992 -73.954532
550 40.825896 -74.152040
551 40.669613 -73.894764
552 40.779071 -74.081976
553 40.737768 -74.001850
554 40.586289 -74.087540
555 40.826912 -74.187447
556 40.708584 -74.011309
557 40.765466 -73.816913
558 40.732808 -73.985646
559 40.855680 -73.887180
560 40.788860 -73.954039
561 40.770077 -73.959279
562 40.763074 -73.913251
563 40.747333 -73.975017
564 40.748132 -73.984831
565 40.676429 -73.897986
566 40.804553 -74.207377
567 40.789686 -73.953899
568 40.973752 -73.881729
569 40.654800 -73.887351
570 40.887471 -74.057626
571 40.756386 -73.981560
572 40.798462 -73.708769
573 40.783556 -74.177211
574 40.856787 -73.856146
575 40.740694 -73.975837
576 40.802910 -74.195396
577 40.870210 -73.827829
578 40.743210 -73.973232
579 40.743303 -73.973847
580 40.740283 -73.988555
581 40.645490 -74.020427
582 40.586380 -74.090883
583 40.586456 -74.091175
584 40.752568 -73.969524
585 40.702790 -73.871758
586 40.728406 -73.985352
587 40.663033 -74.118396
588 40.608887 -73.959089
589 40.834825 -73.847388
590 40.619280 -74.022085
591 40.925863 -73.995891
592 40.740674 -74.029839
593 40.789900 -73.954124
594 40.888260 -74.204675
595 40.888358 -74.204425
596 40.743518 -74.174066
597 40.754916 -73.893313
598 40.772718 -74.230144
599 40.747817 -73.974862
600 40.840520 -73.940945
601 40.705291 -74.010409
602 40.827980 -73.818889
603 40.845168 -73.909473
604 40.743157 -73.917649
605 40.617548 -73.974535
606 40.745265 -73.885249
607 40.658424 -74.214456
608 40.971500 -73.878117
609 40.889511 -73.975683
610 40.642346 -73.996757
611 40.878961 -73.883291
612 40.749955 -73.863745
613 40.769275 -73.924621
614 40.732694 -74.059964
615 40.597471 -73.970978
616 40.750435 -73.940362
617 40.786687 -74.017024
618 40.730342 -74.034439
619 40.816063 -74.124789
620 40.685689 -73.991993
621 40.767198 -73.983884
622 40.744959 -73.982971
623 40.770914 -73.957689
624 40.843449 -73.911155
625 40.887204 -74.058642
626 40.770204 -73.986799
627 40.745537 -73.994524
628 40.751250 -73.979574
629 40.920869 -74.118075
630 40.775719 -73.976888
631 40.742167 -74.035326
632 40.777252 -73.701488
633 40.777290 -73.701218
634 40.744044 -73.858972
635 40.768189 -73.960966
636 40.600444 -73.996303
637 40.865094 -73.972864
638 40.954087 -74.071231
639 40.729242 -73.851271
640 40.762580 -73.989556
641 40.949319 -73.824929
642 40.949546 -73.824908
643 40.949445 -73.824735
644 40.892073 -74.054244
645 40.773321 -74.266032
646 40.775856 -73.731843
647 40.924143 -74.018964
648 40.746093 -73.896762
649 40.884730 -74.223432
650 40.735185 -74.060882
651 40.893403 -74.041657
652 40.757964 -73.768180
653 40.756787 -73.976784
654 40.778440 -73.951082
655 40.586521 -73.989334
656 40.713199 -73.782285
657 40.749806 -73.977716
658 40.941997 -73.836740
659 40.767172 -73.953602
660 40.605106 -74.091709
661 40.769649 -74.025964
662 40.784320 -74.019440
663 40.805351 -73.962127
664 40.739374 -73.977186
665 40.754049 -73.969209
666 40.751457 -73.990507
667 40.785936 -73.970699
668 40.736687 -73.987086
669 40.873900 -73.913481
670 40.593434 -74.086773
671 40.759579 -73.973679
672 40.826285 -74.101196
673 40.785101 -73.708706
674 40.769005 -73.926369
675 40.584144 -74.086741
676 40.819688 -73.977417
677 40.745970 -73.972397
678 40.972886 -74.029057
679 40.737045 -73.978122
680 40.881363 -73.881241
681 40.707436 -73.811157
682 40.750217 -73.977982
683 40.764663 -73.975177
684 40.668064 -73.979961
685 40.740891 -74.002251
686 40.866457 -73.924684
687 40.825066 -73.983941
688 40.753889 -73.969664
689 40.718267 -73.994092
690 40.962752 -73.856100
691 40.747295 -73.951972
692 40.825336 -74.101646
693 40.857682 -74.175554
694 40.689743 -73.986023
695 40.711083 -73.995769
696 40.802489 -73.967192
697 40.733542 -73.864732
698 40.773373 -73.979245
699 40.917733 -74.143812
700 40.765942 -73.772204
701 40.602936 -73.993124
702 40.840210 -73.942580
703 40.885457 -74.058931
704 40.749828 -73.976911
705 40.713894 -74.009559
706 40.890169 -73.975731
707 40.738298 -73.999052
708 40.724012 -74.000871
709 40.899376 -73.970976
710 40.738819 -73.805218
711 40.772578 -73.961393
712 40.747322 -74.136901
713 40.777666 -73.700769
714 40.825752 -73.974494
715 40.852396 -74.173370
716 40.721963 -74.046592
717 40.800893 -73.946998
718 40.718461 -73.996745
719 40.690465 -73.994794
720 40.592737 -74.086911
721 40.606546 -73.995167
722 40.680206 -73.943396
723 40.759201 -73.960300
724 40.742967 -73.975183
725 40.968129 -73.884195
726 40.651862 -73.959081
727 40.713628 -73.780148
728 40.717907 -73.997122
729 40.902185 -74.165657
730 40.621372 -74.006219
731 40.741592 -73.805077
732 40.753586 -73.792746
733 40.763868 -73.971057
734 40.831605 -74.238707
735 40.761043 -73.969610
736 40.756277 -73.702309
737 40.764557 -73.953487
738 40.763988 -73.953476
739 40.763174 -73.954164
740 40.877847 -73.982891
741 40.791131 -73.976819
742 40.690384 -73.994765
743 40.715758 -74.037652
744 40.748468 -73.976962
745 40.587391 -73.955269
746 40.753026 -73.977967
747 40.658972 -73.932928
748 40.765797 -73.913573
749 40.644479 -73.918114
750 40.745711 -73.888488
751 40.751546 -73.982275
752 40.764551 -73.954682
753 40.878049 -74.069421
754 40.758483 -73.975837
755 40.975623 -74.017512
756 40.742276 -73.998926
757 40.681537 -74.106692
758 40.696762 -74.093062
759 40.731878 -73.999098
760 40.790257 -73.951936
761 40.777271 -73.963188
762 40.822034 -74.213264
763 40.756094 -73.978845
764 40.751266 -73.991890
765 40.679795 -73.998957
766 40.778799 -73.724085
767 40.777833 -73.701424
768 40.723695 -73.997726
769 40.746481 -73.972480
770 40.801718 -73.957046
771 40.777351 -73.950474
772 40.793796 -74.068890
773 40.639843 -73.967613
774 40.845380 -73.845405
775 40.717000 -73.995534
776 40.774717 -73.962411
777 40.799096 -73.699878
778 40.745312 -73.979483
779 40.830646 -74.103295
780 40.734286 -73.997875
781 40.795165 -74.136129
782 40.712697 -74.009370
783 40.734727 -74.000501
784 40.760776 -73.929490
785 40.763762 -73.956925
786 40.591163 -73.950278
787 40.709287 -74.249917
788 40.618810 -73.947632
789 40.657293 -73.946404
790 40.746614 -73.825287
791 40.608228 -74.004400
792 40.756965 -74.166891
793 40.624335 -73.895039
794 40.717589 -73.999924
795 40.742258 -73.991213
796 40.852369 -74.173226
797 40.714066 -74.009171
798 40.775296 -73.983367
799 40.742399 -74.035001
800 40.890458 -73.974118
801 40.786332 -73.957344
802 40.703942 -73.920812
803 40.722141 -73.844712
804 40.690562 -73.997659
805 40.653332 -73.910501
806 40.758973 -74.158199
807 40.659498 -74.197620
808 40.639695 -73.998495
809 40.867836 -73.906247
810 40.790027 -73.725533
811 40.811533 -74.204625
812 40.746703 -74.056860
813 40.628845 -74.025872
814 40.833769 -73.857938
815 40.692865 -73.771406
816 40.793470 -73.949745
817 40.915099 -73.808555
818 40.739974 -74.191704
819 40.764647 -73.980423
820 40.741066 -73.975499
821 40.742149 -73.991184
822 40.786409 -74.176362
823 40.777747 -73.701051
824 40.792107 -74.253997
825 40.877803 -73.983040
826 40.754185 -73.965076
827 40.887654 -74.042127
828 40.794223 -74.012473
829 40.880577 -73.877813
830 40.585899 -74.085159
831 40.584849 -74.085875
832 40.584023 -74.086003
833 40.784567 -73.980911
834 40.738890 -73.995723
835 40.759862 -73.968502
836 40.749622 -73.979861
837 40.896888 -74.097531
838 40.752354 -74.213258
839 40.742622 -74.001285
840 40.805139 -73.961184
841 40.774333 -73.963491
842 40.762632 -73.918917
843 40.689133 -73.992624
844 40.741134 -73.997920
845 40.665838 -73.982552
846 40.879905 -73.907935
847 40.693606 -73.781143
848 40.614422 -74.000496
849 40.820137 -74.122169
850 40.607679 -73.952804
851 40.765599 -73.980400
852 40.765593 -73.980527
853 40.750016 -73.971986
854 40.831820 -73.919572
855 40.732876 -73.732492
856 40.776926 -73.953117
857 40.778735 -73.952925
858 40.694454 -73.991459
859 40.746430 -73.972365
860 40.777034 -73.911755
861 40.755970 -73.757014
862 40.892985 -73.861039
863 40.760342 -73.969426
864 40.912542 -74.035885
865 40.633332 -74.092100
866 40.593768 -74.135313
867 40.750824 -73.971493
868 40.760765 -73.986933
869 40.726146 -74.177232
870 40.786480 -74.176368
871 40.718668 -74.002541
872 40.585877 -74.085279
873 40.757516 -73.782836
874 40.871568 -73.915226
875 40.723755 -73.998180
876 40.830167 -73.946857
877 40.737713 -73.978414
878 40.766444 -73.983215
879 40.882507 -74.101296
880 40.766381 -73.913100
881 40.830574 -74.204974
