1000
0 40.606800 -74.044170
1 40.655535 -74.008629
2 40.741862 -73.989434
3 40.741408 -73.988438
4 40.748281 -73.985563
5 40.712859 -73.877419
6 40.791172 -73.944024
7 40.760205 -73.861114
8 40.735063 -73.990805
9 40.784864 -73.786329
10 40.730379 -73.995959
11 40.842916 -73.865162
12 40.755580 -73.970861
13 40.661950 -73.892700
14 40.852157 -74.004335
15 40.885551 -74.213591
16 40.731322 -74.059387
17 40.753422 -73.986822
18 40.644571 -73.776235
19 40.780408 -73.952849
20 40.786181 -73.942902
21 40.696558 -73.953616
22 40.733885 -73.992888
23 40.736755 -73.995216
24 40.946712 -74.068161
25 40.721719 -73.984641
26 40.864866 -74.065236
27 40.717751 -73.951863
28 40.723821 -73.985351
29 40.749510 -73.971608
30 40.827871 -74.101907
31 40.732874 -73.997594
32 40.618484 -73.753670
33 40.767237 -73.894830
34 40.769953 -73.955307
35 40.660960 -74.049895
36 40.888952 -74.102658
37 40.777711 -73.977347
38 40.770077 -73.917990
39 40.741779 -73.985382
40 40.599300 -73.955929
41 40.687084 -73.976106
42 40.770897 -73.989573
43 40.815937 -73.917196
44 40.738818 -73.988780
45 40.746577 -73.981732
46 40.786498 -73.845878
47 40.736179 -73.993898
48 40.957706 -73.959721
49 40.758592 -73.970719
50 40.913097 -74.044944
51 40.706971 -73.804410
52 40.721230 -74.004957
53 40.719095 -74.034376
54 40.828277 -73.926553
55 40.734359 -73.990817
56 40.768251 -73.989571
57 40.843505 -73.939137
58 40.756713 -73.978122
59 40.625566 -73.956506
60 40.730029 -73.956604
61 40.738131 -73.992038
62 40.742608 -73.966441
63 40.743527 -73.973873
64 40.742828 -74.003832
65 40.757904 -73.986418
66 40.754580 -73.994094
67 40.753948 -73.985514
68 40.704196 -73.987298
69 40.761611 -73.986174
70 40.738015 -73.990472
71 40.765378 -74.147923
72 40.878413 -73.877830
73 40.735649 -74.169173
74 40.642618 -73.887454
75 40.699172 -73.993124
76 40.776528 -73.979407
77 40.916468 -74.075854
78 40.761853 -73.988751
79 40.769687 -73.979723
80 40.730059 -74.003034
81 40.738279 -73.989390
82 40.610375 -74.108898
83 40.735760 -74.001654
84 40.905884 -74.133989
85 40.716534 -73.961448
86 40.863228 -73.925739
87 40.727373 -74.021158
88 40.632220 -73.947299
89 40.760514 -73.987353
90 40.730789 -73.986002
91 40.709613 -73.830893
92 40.757273 -73.985692
93 40.760366 -73.917907
94 40.750280 -73.994237
95 40.714958 -73.944451
96 40.764823 -73.988395
97 40.722874 -73.994621
98 40.721940 -73.957580
99 40.850802 -73.970546
100 40.722186 -73.997124
101 40.737037 -73.996946
102 40.832612 -73.915352
103 40.645741 -73.773794
104 40.779394 -73.945238
105 40.732544 -74.000418
106 40.719328 -73.985633
107 40.760781 -73.984337
108 40.755231 -73.965397
109 40.710343 -73.961110
110 40.642719 -73.979490
111 40.743225 -73.996353
112 40.865650 -73.850893
113 40.849087 -73.916987
114 40.787592 -73.975017
115 40.773814 -74.175439
116 40.767477 -73.922882
117 40.972154 -73.960905
118 40.580585 -73.829498
119 40.745212 -73.982638
120 40.725822 -73.996253
121 40.762360 -74.196525
122 40.762444 -73.973427
123 40.749890 -74.036050
124 40.734530 -73.869180
125 40.785624 -74.024137
126 40.693526 -73.985181
127 40.823693 -74.099492
128 40.746302 -73.825781
129 40.850405 -73.718364
130 40.885848 -73.910455
131 40.658909 -73.909054
132 40.808195 -74.079388
133 40.757048 -73.997927
134 40.733691 -73.998680
135 40.731807 -74.003580
136 40.724367 -73.987472
137 40.688522 -73.904300
138 40.747156 -73.976968
139 40.679057 -73.973731
140 40.732030 -73.985497
141 40.825559 -73.920772
142 40.906157 -74.064892
143 40.754963 -73.978047
144 40.749756 -73.981620
145 40.763093 -73.978221
146 40.739681 -73.991063
147 40.664282 -73.958079
148 40.704379 -74.010360
149 40.850390 -73.936513
150 40.768094 -73.978286
151 40.705660 -74.002876
152 40.752294 -74.008758
153 40.736071 -73.979030
154 40.752097 -73.987649
155 40.817754 -73.950606
156 40.745889 -73.988521
157 40.704273 -74.010362
158 40.739161 -73.786755
159 40.739058 -73.994720
160 40.806018 -73.952899
161 40.743701 -73.982776
162 40.713517 -73.961712
163 40.680144 -73.730299
164 40.850858 -73.970175
165 40.674728 -73.908601
166 40.841231 -73.941731
167 40.681524 -73.765308
168 40.767611 -73.971258
169 40.732284 -73.985204
170 40.724768 -73.998713
171 40.768116 -73.981755
172 40.787621 -74.045840
173 40.712508 -73.985405
174 40.738666 -73.983329
175 40.738002 -74.004285
176 40.784417 -73.977345
177 40.740964 -73.784330
178 40.702663 -73.800208
179 40.675020 -73.871789
180 40.731463 -73.982770
181 40.734639 -74.000653
182 40.794513 -74.128618
183 40.813136 -74.001961
184 40.721683 -73.984670
185 40.737632 -73.990045
186 40.704286 -73.946031
187 40.715073 -73.944406
188 40.798778 -74.138261
189 40.706914 -74.007011
190 40.605202 -73.999069
191 40.745102 -73.978914
192 40.758399 -73.985325
193 40.759058 -73.981405
194 40.740367 -73.994386
195 40.833831 -73.868700
196 40.767481 -73.978334
197 40.769832 -73.977092
198 40.883922 -74.054382
199 40.739766 -74.167327
200 40.854811 -73.937098
201 40.716482 -74.035632
202 40.764104 -73.986725
203 40.655255 -73.944458
204 40.760588 -73.989415
205 40.748642 -73.992638
206 40.828653 -73.926306
207 40.643228 -73.943637
208 40.788615 -73.941599
209 40.638870 -74.006138
210 40.805102 -73.954802
211 40.683525 -73.978754
212 40.668105 -73.987210
213 40.733622 -73.993052
214 40.780706 -73.954706
215 40.898430 -73.854346
216 40.624864 -74.026458
217 40.783577 -73.977869
218 40.824682 -73.984303
219 40.710831 -73.991304
220 40.779412 -73.983738
221 40.760960 -73.857438
222 40.873858 -73.908842
223 40.729755 -73.982863
224 40.728277 -73.999281
225 40.713860 -73.951577
226 40.682926 -73.806056
227 40.880268 -74.101046
228 40.752183 -73.879059
229 40.921717 -74.076176
230 40.762754 -73.987360
231 40.848410 -73.911854
232 40.729744 -74.000727
233 40.745566 -73.980131
234 40.751330 -74.025420
235 40.579739 -73.981496
236 40.720735 -73.990273
237 40.739551 -73.786926
238 40.744693 -73.978822
239 40.754929 -73.756671
240 40.917243 -74.171483
241 40.713923 -73.987223
242 40.748092 -73.985072
243 40.680475 -73.843725
244 40.893157 -74.206657
245 40.909657 -74.073060
246 40.751970 -73.987282
247 40.754071 -73.984464
248 40.825336 -73.976274
249 40.708343 -74.004440
250 40.631572 -73.887735
251 40.747064 -73.981680
252 40.724498 -74.160979
253 40.833298 -73.914330
254 40.752734 -73.989174
255 40.733860 -74.102526
256 40.724040 -74.002711
257 40.681753 -74.035454
258 40.849406 -73.929504
259 40.964870 -73.856531
260 40.757542 -73.982042
261 40.720055 -73.983867
262 40.743092 -73.991012
263 40.762601 -74.032505
264 40.790522 -73.980501
265 40.642126 -74.077635
266 40.705640 -73.809509
267 40.779127 -73.954779
268 40.743612 -73.887982
269 40.723966 -73.990415
270 40.831931 -73.905416
271 40.822685 -73.953722
272 40.741209 -73.984165
273 40.734011 -73.992871
274 40.917988 -74.074931
275 40.730214 -73.994564
276 40.886023 -74.118998
277 40.717431 -74.012296
278 40.750955 -74.002306
279 40.725723 -74.000915
280 40.723703 -73.996343
281 40.632332 -74.005972
282 40.736903 -73.997227
283 40.757019 -73.981714
284 40.941327 -73.961549
285 40.654133 -73.945147
286 40.777682 -74.130120
287 40.782566 -73.948258
288 40.728803 -74.006564
289 40.713793 -74.187927
290 40.795028 -74.050917
291 40.704835 -74.013702
292 40.693420 -73.994151
293 40.655567 -74.008647
294 40.775773 -74.026360
295 40.802375 -73.950463
296 40.714061 -73.980515
297 40.789939 -73.945973
298 40.790520 -73.945514
299 40.760937 -73.986512
300 40.850372 -73.915458
301 40.672217 -73.957298
302 40.935081 -73.965371
303 40.826381 -74.056556
304 40.734253 -73.989389
305 40.759409 -73.987115
306 40.756707 -73.982334
307 40.732907 -73.986564
308 40.750571 -73.994399
309 40.758262 -73.966205
310 40.675924 -73.923751
311 40.745570 -73.953246
312 40.763716 -73.915396
313 40.756652 -73.924298
314 40.674768 -73.930606
315 40.588782 -73.983779
316 40.757943 -73.969626
317 40.711513 -73.991947
318 40.761533 -73.986683
319 40.735614 -74.032905
320 40.695367 -73.840410
321 40.770992 -73.920077
322 40.671422 -73.990972
323 40.640230 -73.878135
324 40.693507 -73.927443
325 40.752896 -74.006500
326 40.828422 -73.838825
327 40.739015 -73.999347
328 40.752085 -73.981181
329 40.679434 -73.861899
330 40.756449 -73.977760
331 40.752753 -74.006512
332 40.713594 -73.996670
333 40.849103 -73.929243
334 40.736004 -73.987341
335 40.740177 -73.986013
336 40.815690 -73.943413
337 40.872577 -74.053718
338 40.726186 -74.006889
339 40.916559 -74.076876
340 40.925838 -73.996710
341 40.753572 -73.973117
342 40.757298 -74.001644
343 40.758435 -73.975165
344 40.622280 -74.027290
345 40.738742 -73.988636
346 40.880644 -73.840209
347 40.740008 -73.785473
348 40.755227 -73.978799
349 40.887266 -73.904984
350 40.772319 -73.958688
351 40.793579 -74.145853
352 40.729724 -74.002052
353 40.729428 -74.174494
354 40.732225 -73.810669
355 40.719583 -73.797569
356 40.875875 -74.070651
357 40.765330 -73.813587
358 40.742577 -73.992252
359 40.732121 -74.063280
360 40.735623 -73.816990
361 40.766396 -73.891428
362 40.814886 -74.221632
363 40.691410 -73.963051
364 40.827035 -73.950278
365 40.762810 -73.967871
366 40.857415 -73.856492
367 40.901153 -73.975566
368 40.679914 -73.943493
369 40.776010 -73.808618
370 40.924563 -74.027338
371 40.725926 -73.977647
372 40.766545 -73.912373
373 40.765650 -73.978738
374 40.743987 -74.028919
375 40.731375 -74.162487
376 40.876674 -73.879679
377 40.752979 -73.977449
378 40.880395 -74.144878
379 40.815419 -74.207853
380 40.708157 -74.001933
381 40.752386 -73.980517
382 40.751202 -73.993830
383 40.720932 -74.000458
384 40.834671 -73.944194
385 40.927154 -73.996521
386 40.745266 -73.978337
387 40.608172 -74.002099
388 40.862660 -73.897043
389 40.759040 -73.906588
390 40.798426 -73.961448
391 40.789220 -74.147327
392 40.755563 -73.983715
393 40.705436 -74.176878
394 40.676074 -73.974466
395 40.805039 -73.965025
396 40.750102 -74.004067
397 40.945950 -74.147545
398 40.721137 -73.847291
399 40.818908 -73.950611
400 40.714061 -73.956001
401 40.722291 -73.997118
402 40.953080 -74.073298
403 40.763503 -73.971711
404 40.646034 -73.776584
405 40.678340 -73.979237
406 40.768354 -73.980260
407 40.778382 -73.956363
408 40.763486 -73.786385
409 40.834171 -73.852243
410 40.718690 -73.989313
411 40.761930 -73.911139
412 40.698331 -73.908959
413 40.748658 -74.175871
414 40.740520 -73.978512
415 40.733113 -73.984036
416 40.660001 -74.170606
417 40.831902 -74.093240
418 40.679817 -73.945617
419 40.666915 -73.833788
420 40.680055 -73.850340
421 40.608370 -73.957075
422 40.806907 -73.965371
423 40.708205 -74.037365
424 40.826777 -74.246564
425 40.795524 -73.971303
426 40.747785 -73.986556
427 40.722128 -73.988425
428 40.735953 -73.987390
429 40.755293 -73.988877
430 40.665592 -73.784594
431 40.843005 -74.046407
432 40.704549 -73.986838
433 40.759835 -73.918389
434 40.833456 -73.861332
435 40.811682 -74.011889
436 40.692288 -73.987126
437 40.671393 -73.963515
438 40.751934 -73.992349
439 40.770706 -73.984441
440 40.821884 -73.911936
441 40.742666 -74.000441
442 40.638168 -74.006357
443 40.717050 -74.009186
444 40.746558 -74.049000
445 40.682201 -73.995931
446 40.913358 -74.182107
447 40.752928 -74.112775
448 40.740575 -73.996114
449 40.762408 -73.979155
450 40.780975 -73.979981
451 40.673961 -73.956983
452 40.862354 -73.896009
453 40.720571 -73.998593
454 40.729684 -74.004360
455 40.722471 -73.995091
456 40.722804 -73.994053
457 40.727115 -73.983943
458 40.737373 -73.987586
459 40.750176 -73.987104
460 40.749967 -73.884342
461 40.812117 -73.957052
462 40.712315 -74.212766
463 40.791706 -73.945250
464 40.722680 -73.992397
465 40.707940 -73.818039
466 40.731424 -74.177383
467 40.746163 -73.895550
468 40.677882 -73.985852
469 40.730801 -73.694395
470 40.725763 -73.707318
471 40.933141 -73.872565
472 40.856048 -73.967641
473 40.773523 -74.065276
474 40.748300 -74.005700
475 40.717301 -74.012021
476 40.723638 -73.952879
477 40.700455 -73.941679
478 40.762203 -73.978983
479 40.736549 -73.989279
480 40.764713 -73.812237
481 40.728783 -74.046524
482 40.887014 -73.907240
483 40.710233 -73.985652
484 40.760595 -73.962361
485 40.969258 -74.077627
486 40.631593 -73.946329
487 40.721892 -73.795209
488 40.629560 -74.028545
489 40.736663 -73.989944
490 40.643892 -74.076571
491 40.826539 -73.822337
492 40.720421 -73.845881
493 40.686960 -73.975743
494 40.718004 -73.965371
495 40.600923 -73.977126
496 40.784087 -73.973790
497 40.780578 -73.946427
498 40.733865 -73.999629
499 40.743436 -73.919210
500 40.706556 -74.012651
501 40.799340 -74.058478
502 40.811422 -74.123529
503 40.758661 -73.993175
504 40.751926 -73.993411
505 40.701911 -74.244536
506 40.730127 -73.748410
507 40.757099 -73.846406
508 40.744606 -73.996768
509 40.742822 -73.825906
510 40.681839 -73.976765
511 40.687357 -73.803965
512 40.822391 -73.891244
513 40.961655 -74.074931
514 40.707263 -74.012474
515 40.713953 -74.009255
516 40.724711 -73.999583
517 40.593276 -74.162138
518 40.729568 -73.996355
519 40.789384 -73.813995
520 40.765274 -73.961144
521 40.733923 -73.999785
522 40.720221 -74.006191
523 40.748215 -73.985275
524 40.745507 -73.986665
525 40.741133 -74.001556
526 40.739287 -73.992394
527 40.763595 -73.770404
528 40.724504 -73.703919
529 40.865075 -74.197111
530 40.751939 -74.009056
531 40.602029 -73.993743
532 40.751778 -73.967831
533 40.706377 -74.012790
534 40.807371 -73.961644
535 40.755230 -73.981297
536 40.750082 -73.986139
537 40.797035 -73.965371
538 40.738063 -73.988751
539 40.672636 -74.200968
540 40.741175 -73.993881
541 40.717088 -73.958590
542 40.600400 -73.991204
543 40.773352 -73.964864
544 40.704647 -74.002604
545 40.779051 -73.953996
546 40.727366 -73.984527
547 40.749988 -73.988414
548 40.763448 -73.961374
549 40.749902 -73.982187
550 40.729942 -74.171787
551 40.668206 -74.104740
552 40.744533 -73.935084
553 40.721144 -74.003620
554 40.983049 -74.016049
555 40.887627 -74.047638
556 40.727631 -73.854458
557 40.612496 -73.988880
558 40.727242 -73.986212
559 40.884571 -73.910266
560 40.919164 -74.075283
561 40.709136 -73.722981
562 40.698650 -73.913050
563 40.715242 -73.966578
564 40.721109 -73.957006
565 40.741333 -73.996569
566 40.909004 -74.059387
567 40.766424 -73.997675
568 40.632653 -73.888968
569 40.744266 -73.992424
570 40.663888 -73.950617
571 40.680445 -73.977700
572 40.753962 -73.969145
573 40.724855 -74.000655
574 40.744322 -73.777120
575 40.790363 -73.975126
576 40.777031 -73.979069
577 40.665199 -73.942541
578 40.689542 -73.970955
579 40.713271 -73.830227
580 40.793814 -73.962693
581 40.712862 -74.007490
582 40.717644 -74.033003
583 40.791348 -73.974044
584 40.689046 -73.976503
585 40.795499 -73.968881
586 40.789274 -73.975719
587 40.763722 -73.982684
588 40.752064 -73.974149
589 40.687244 -74.181833
590 40.722555 -73.987872
591 40.939123 -74.030718
592 40.661499 -73.974724
593 40.682942 -73.935221
594 40.768203 -73.964582
595 40.575587 -73.980343
596 40.681729 -73.934602
597 40.764096 -74.020214
598 40.718848 -73.992406
599 40.729164 -73.851408
600 40.878299 -73.903377
601 40.874313 -73.900723
602 40.697299 -73.979101
603 40.829722 -73.926880
604 40.740076 -73.998639
605 40.938908 -74.121395
606 40.705700 -73.932914
607 40.675995 -73.980664
608 40.623936 -74.009979
609 40.685711 -73.994231
610 40.622332 -74.023009
611 40.762056 -73.979574
612 40.754556 -74.007146
613 40.806841 -73.921817
614 40.762146 -73.968458
615 40.813044 -74.011277
616 40.866943 -74.026836
617 40.706384 -74.008561
618 40.706599 -74.006036
619 40.721590 -73.995241
620 40.730008 -73.980762
621 40.721710 -73.997543
622 40.741965 -74.000911
623 40.948942 -73.850926
624 40.717910 -74.074718
625 40.758595 -73.982042
626 40.682135 -73.946657
627 40.756454 -73.982977
628 40.770999 -73.985479
629 40.756912 -73.975423
630 40.749513 -73.992297
631 40.633570 -73.947661
632 40.723755 -73.848175
633 40.905477 -74.030382
634 40.791429 -73.974221
635 40.730057 -73.987081
636 40.608746 -74.008598
637 40.825176 -73.973222
638 40.711938 -73.941111
639 40.734949 -74.063291
640 40.919292 -74.075610
641 40.743191 -73.980099
642 40.733070 -73.999911
643 40.820641 -73.942971
644 40.721612 -74.003293
645 40.723829 -74.004688
646 40.730959 -73.988870
647 40.680398 -73.914445
648 40.779824 -73.947299
649 40.725268 -73.951662
650 40.683930 -73.975355
651 40.740561 -74.005958
652 40.739356 -73.814435
653 40.779807 -74.050980
654 40.798899 -73.701022
655 40.732995 -73.863239
656 40.741095 -73.825150
657 40.742086 -73.978845
658 40.835667 -73.946306
659 40.760086 -73.769819
660 40.713122 -74.000633
661 40.757303 -73.834734
662 40.766189 -73.986979
663 40.744485 -73.983402
664 40.800491 -74.204707
665 40.750237 -73.850578
666 40.704400 -74.009054
667 40.785275 -73.976747
668 40.645395 -73.776614
669 40.635688 -73.987871
670 40.940828 -73.835161
671 40.643519 -73.977782
672 40.861416 -74.086090
673 40.904332 -74.118121
674 40.764793 -73.769502
675 40.751822 -73.994391
676 40.706054 -73.922087
677 40.735741 -74.065305
678 40.732026 -74.001405
679 40.758833 -73.990002
680 40.751090 -74.025274
681 40.751128 -73.975487
682 40.793934 -74.256639
683 40.843129 -73.836849
684 40.899125 -74.111323
685 40.706060 -74.006426
686 40.624304 -74.148663
687 40.761616 -73.984293
688 40.780060 -73.946989
689 40.738741 -74.172245
690 40.710440 -73.948771
691 40.801531 -74.014313
692 40.716211 -74.016537
693 40.874407 -74.100846
694 40.732931 -74.172441
695 40.884529 -74.149197
696 40.745014 -73.994143
697 40.809429 -73.953613
698 40.715550 -74.011349
699 40.687412 -74.181866
700 40.834420 -73.851851
701 40.726917 -73.987411
702 40.696375 -73.963455
703 40.647022 -74.215562
704 40.706056 -73.812498
705 40.753269 -73.972417
706 40.645824 -73.775477
707 40.673996 -73.872197
708 40.760465 -73.922443
709 40.727965 -73.979511
710 40.754357 -73.707476
711 40.725665 -73.984079
712 40.889812 -73.898587
713 40.720357 -73.984825
714 40.972748 -73.935164
715 40.755682 -73.883070
716 40.704381 -73.990356
717 40.817450 -74.101763
718 40.776079 -73.929068
719 40.813144 -74.013260
720 40.828075 -74.102558
721 40.839018 -74.155636
722 40.746758 -73.890773
723 40.797103 -73.927873
724 40.857313 -73.899810
725 40.803407 -73.967079
726 40.746827 -73.985820
727 40.723014 -74.003005
728 40.760634 -73.977335
729 40.697843 -73.933861
730 40.824112 -73.915668
731 40.626396 -74.130077
732 40.875355 -74.064175
733 40.822240 -73.848950
734 40.672671 -73.976721
735 40.826761 -73.855312
736 40.638875 -73.917595
737 40.796067 -73.970970
738 40.810148 -74.001043
739 40.779186 -73.904945
740 40.842223 -73.933353
741 40.775727 -73.953364
742 40.700021 -73.916185
743 40.862740 -73.902785
744 40.857795 -73.883676
745 40.857420 -73.885852
746 40.718321 -73.994645
747 40.639154 -74.029522
748 40.669589 -74.119969
749 40.729910 -74.004894
750 40.769081 -73.977126
751 40.713697 -73.990662
752 40.758020 -73.829325
753 40.883173 -74.083512
754 40.721545 -73.983949
755 40.857971 -73.932098
756 40.868152 -73.992906
757 40.765281 -74.023038
758 40.718269 -73.997847
759 40.797252 -73.967980
760 40.716593 -74.070732
761 40.803674 -73.963434
762 40.706806 -74.011154
763 40.698095 -73.927385
764 40.747416 -73.982065
765 40.741972 -73.982842
766 40.765317 -73.914098
767 40.809519 -74.120363
768 40.717026 -73.998079
769 40.718924 -73.956461
770 40.824857 -73.954263
771 40.745144 -73.982770
772 40.775114 -73.872414
773 40.640794 -74.095047
774 40.845083 -73.926823
775 40.761155 -74.000561
776 40.624199 -74.081200
777 40.782855 -73.952850
778 40.669591 -73.958607
779 40.687313 -74.182743
780 40.735236 -74.001614
781 40.747473 -73.973961
782 40.832775 -73.851248
783 40.616428 -73.827267
784 40.820588 -73.943637
785 40.850550 -74.006805
786 40.685087 -73.976770
787 40.842377 -73.941835
788 40.744748 -73.981416
789 40.767565 -73.994276
790 40.638386 -74.107452
791 40.750557 -73.938591
792 40.739524 -73.980641
793 40.627796 -74.023325
794 40.862343 -73.925934
795 40.729228 -73.989111
796 40.868286 -73.921558
797 40.729040 -73.984428
798 40.681452 -73.979895
799 40.816862 -74.074758
800 40.728084 -73.994357
801 40.925979 -73.997140
802 40.809253 -73.944578
803 40.732240 -74.001839
804 40.647336 -73.955626
805 40.716778 -73.958913
806 40.824033 -73.944291
807 40.731363 -73.997141
808 40.772083 -73.958888
809 40.703421 -73.986656
810 40.722888 -74.206580
811 40.824368 -73.820072
812 40.799661 -73.968198
813 40.638497 -73.997279
814 40.788235 -73.976463
815 40.751089 -74.054073
816 40.685367 -73.978030
817 40.863365 -73.822025
818 40.805073 -74.119440
819 40.743924 -74.192669
820 40.757051 -73.975825
821 40.671356 -73.977865
822 40.766241 -73.965242
823 40.687248 -73.702893
824 40.888216 -74.108531
825 40.920515 -73.979097
826 40.799843 -73.935822
827 40.755515 -73.741693
828 40.741222 -74.028632
829 40.748831 -73.930250
830 40.713975 -74.006414
831 40.718461 -74.006609
832 40.851589 -73.952086
833 40.740565 -73.996452
834 40.849292 -73.859156
835 40.760088 -73.770914
836 40.761699 -73.924882
837 40.761183 -73.957603
838 40.620293 -74.029533
839 40.799074 -73.968192
840 40.762092 -73.963165
841 40.704322 -74.190431
842 40.760466 -73.961575
843 40.834078 -73.945216
844 40.758266 -73.987895
845 40.708694 -73.935973
846 40.735057 -73.990019
847 40.774741 -73.957052
848 40.793464 -73.940572
849 40.706246 -73.793361
850 40.753883 -73.996940
851 40.675105 -73.956056
852 40.752030 -73.973894
853 40.703262 -73.864738
854 40.746673 -73.892823
855 40.918243 -74.142384
856 40.733606 -73.988205
857 40.760489 -73.985996
858 40.820386 -73.936197
859 40.747091 -73.987201
860 40.738961 -73.994633
861 40.898861 -74.111422
862 40.759015 -73.989024
863 40.612374 -73.918346
864 40.756802 -73.970127
865 40.757266 -74.001060
866 40.805705 -73.940649
867 40.750480 -73.991299
868 40.702616 -73.989761
869 40.835550 -73.940262
870 40.868318 -73.920117
871 40.743461 -73.935703
872 40.777701 -73.948746
873 40.728169 -73.999314
874 40.750480 -73.878181
875 40.752914 -73.983269
876 40.757630 -73.989701
877 40.890262 -73.820531
878 40.800108 -73.945319
879 40.717789 -73.960142
880 40.674955 -74.001911
881 40.776478 -73.962034
882 40.739686 -73.986845
883 40.765099 -73.979172
884 40.888842 -73.841519
885 40.762922 -73.972101
886 40.834182 -73.945187
887 40.705720 -73.933419
888 40.714549 -74.012755
889 40.742396 -74.005496
890 40.567937 -74.106088
891 40.757790 -73.981934
892 40.750890 -73.976601
893 40.730168 -73.992969
894 40.688236 -73.954770
895 40.751516 -73.930779
896 40.746816 -73.986002
897 40.854709 -73.911850
898 40.786366 -74.153026
899 40.723503 -74.002845
900 40.712173 -74.008383
901 40.677474 -73.979970
902 40.762562 -73.973119
903 40.787845 -73.956369
904 40.722998 -73.994508
905 40.760178 -73.830290
906 40.645498 -73.902223
907 40.774205 -73.982610
908 40.788001 -73.949629
909 40.815561 -74.125460
910 40.828665 -73.980768
911 40.745507 -73.987304
912 40.754673 -73.792832
913 40.728343 -73.983281
914 40.883696 -73.984762
915 40.725031 -73.997169
916 40.760211 -73.988969
917 40.661978 -73.950539
918 40.698812 -73.906626
919 40.741563 -73.995287
920 40.722873 -73.995098
921 40.739909 -73.985968
922 40.799575 -73.962619
923 40.664917 -73.893945
924 40.757006 -73.993640
925 40.851091 -73.931450
926 40.734372 -73.991689
927 40.775448 -73.911787
928 40.742336 -73.993049
929 40.720228 -74.006810
930 40.785066 -74.006214
931 40.787715 -73.942615
932 40.859413 -73.922885
933 40.691590 -73.857525
934 40.911498 -73.907247
935 40.853373 -73.790569
936 40.761587 -73.990247
937 40.678262 -74.233375
938 40.742539 -73.991941
939 40.719747 -73.843386
940 40.724130 -73.800734
941 40.688222 -73.988550
942 40.763022 -73.875688
943 40.759557 -73.716103
944 40.915360 -74.058725
945 40.757985 -73.986032
946 40.686659 -73.973479
947 40.911761 -73.784223
948 40.824839 -74.110072
949 40.744408 -74.002891
950 40.736922 -73.984605
951 40.678221 -73.979338
952 40.733920 -73.983829
953 40.752699 -73.984573
954 40.733226 -73.985174
955 40.731938 -74.064823
956 40.756962 -73.969777
957 40.849107 -73.936744
958 40.734174 -73.992533
959 40.620344 -74.099228
960 40.676049 -73.963297
961 40.652676 -74.002147
962 40.585452 -73.821841
963 40.741483 -73.981089
964 40.741977 -74.005158
965 40.747641 -73.986380
966 40.740013 -73.985703
967 40.643935 -74.071136
968 40.762146 -73.828962
969 40.866362 -73.924974
970 40.759383 -73.987963
971 40.722735 -73.989428
972 40.763494 -73.974860
973 40.790346 -73.947296
974 40.721484 -73.688524
975 40.882276 -74.168124
976 40.773246 -73.983564
977 40.889077 -74.108426
978 40.748949 -73.836025
979 40.847446 -73.891801
980 40.718764 -74.190077
981 40.747163 -73.985119
982 40.724294 -74.173565
983 40.895217 -73.824262
984 40.874422 -74.104218
985 40.732797 -74.002524
986 40.731338 -73.945193
987 40.725433 -73.996942
988 40.918816 -74.076809
989 40.698468 -73.994099
990 40.756601 -73.756764
991 40.727973 -73.982931
992 40.721692 -73.795170
993 40.757872 -74.166390
994 40.736986 -73.978613
995 40.648694 -73.959392
996 40.720988 -74.001709
997 40.741978 -73.990122
998 40.638036 -73.971803
999 40.788621 -73.953235
