100 360
0 9
0 10
0 14
1 2
1 3
1 9
1 18
1 45
3 6
3 43
3 83
4 6
4 7
4 87
5 12
6 8
6 91
7 8
7 19
8 9
8 10
8 16
9 15
9 76
10 16
10 17
10 37
11 79
12 19
12 69
14 19
14 21
14 35
14 46
15 17
19 46
20 36
20 53
20 54
20 64
20 73
20 75
20 78
20 96
20 97
21 25
21 40
21 59
21 61
21 63
21 64
21 73
21 87
22 24
22 34
22 38
22 48
22 65
22 66
22 88
22 95
23 49
23 52
23 88
23 99
24 41
24 73
24 79
24 90
25 38
25 67
25 69
25 73
25 82
25 97
26 36
26 39
26 45
26 46
26 48
26 51
26 52
26 63
26 70
26 87
26 88
26 93
27 28
27 30
27 32
27 33
27 64
27 67
27 81
28 42
28 43
28 50
28 51
28 56
28 83
28 89
29 64
29 82
29 86
29 93
30 44
30 68
31 35
31 47
31 57
31 58
31 61
31 68
31 74
31 75
31 80
31 81
32 41
32 60
32 82
32 96
32 98
33 34
33 35
33 60
33 69
33 78
33 84
34 38
34 39
34 49
34 56
34 87
35 68
35 70
35 77
35 89
35 99
36 57
36 74
36 79
36 85
36 87
37 38
37 46
37 78
37 91
38 43
38 44
38 52
38 56
38 68
38 76
38 80
38 93
39 40
39 42
39 45
39 47
39 49
39 64
39 65
39 73
39 97
40 52
40 56
40 62
40 83
40 96
41 43
41 54
41 56
41 72
41 73
41 74
41 77
41 78
41 81
41 82
41 96
42 46
42 52
42 70
42 87
42 99
43 53
43 66
43 83
43 93
43 96
43 97
44 61
44 68
44 73
44 81
44 84
44 85
44 89
44 99
45 46
45 49
45 60
45 84
45 92
45 98
46 52
46 63
46 66
46 90
47 49
47 51
47 57
47 70
47 77
47 99
48 53
49 59
49 66
50 51
50 59
50 66
50 68
50 90
50 92
50 97
51 52
51 62
51 73
51 77
51 78
51 84
51 96
52 53
52 58
52 67
52 94
53 71
53 73
53 90
53 92
53 99
54 65
54 73
54 97
55 62
55 73
56 61
56 71
56 79
56 82
56 85
56 88
56 89
56 90
57 68
57 85
57 95
57 96
58 60
58 72
58 73
58 76
58 77
58 88
58 90
58 95
58 97
59 60
59 63
59 76
59 77
59 86
59 92
59 97
60 64
60 66
60 69
60 72
60 83
61 64
61 67
61 91
61 92
62 72
62 73
62 74
62 79
62 86
62 93
63 75
63 98
64 71
64 77
64 81
64 82
64 92
65 68
65 71
65 93
65 94
66 71
66 78
66 79
66 95
67 79
67 88
67 95
69 72
69 80
69 81
69 83
69 84
69 86
70 80
70 81
70 83
70 84
70 86
71 75
71 94
72 80
73 75
73 76
73 82
74 75
74 82
74 92
75 83
76 86
76 97
77 81
77 82
77 93
78 86
78 95
79 82
79 88
79 92
79 94
79 96
79 98
80 82
80 90
80 91
80 96
81 83
82 86
83 97
84 87
84 89
85 89
85 97
86 92
87 95
87 98
88 95
89 93
90 98
93 96
97 98
