100 257
0 9
0 10
0 14
0 20
0 21
0 27
0 36
0 57
0 81
1 14
1 15
1 34
1 43
1 55
1 68
1 75
2 9
2 10
2 11
2 17
2 26
2 36
2 37
2 54
2 72
2 91
3 9
3 11
3 33
3 50
3 86
4 12
4 13
4 23
4 32
4 34
4 37
4 55
4 56
4 82
5 8
5 23
5 42
5 44
5 46
5 47
5 56
5 83
5 92
6 17
6 31
6 41
6 45
6 55
7 20
7 21
7 43
7 50
7 67
7 83
8 29
8 32
9 18
9 29
9 46
9 66
9 80
10 29
10 35
10 46
10 70
11 20
11 49
11 51
11 55
11 95
12 17
12 32
12 44
12 47
12 53
12 54
12 56
12 59
13 14
13 25
13 32
13 49
13 50
13 55
13 86
14 17
14 19
14 21
14 22
14 53
14 56
15 26
15 58
15 59
15 70
16 23
16 24
16 29
16 56
17 20
18 24
18 42
18 46
18 53
19 33
19 57
20 53
21 27
21 37
21 38
21 41
21 48
21 54
21 55
21 76
22 23
22 24
22 51
22 83
22 86
23 34
23 56
23 61
24 35
24 37
24 39
24 40
25 31
25 40
25 49
25 55
26 41
26 42
26 52
26 59
26 73
27 58
27 75
29 42
29 44
29 51
30 34
30 44
30 92
30 95
31 37
31 54
31 59
32 38
32 40
32 53
32 63
32 71
33 35
33 97
34 42
34 55
35 44
35 45
35 53
35 57
35 70
36 46
36 54
36 58
36 88
37 49
37 56
37 58
37 72
38 40
38 42
38 44
38 59
39 40
39 48
39 62
39 68
39 73
40 53
40 62
41 49
41 53
41 59
41 61
42 81
43 47
44 45
44 50
44 82
44 84
45 47
45 49
46 52
46 53
46 54
46 57
46 58
47 49
47 50
47 74
48 53
49 50
49 56
50 90
51 57
51 78
53 69
53 70
54 56
54 66
56 88
57 59
57 85
58 68
60 61
61 62
61 69
61 74
62 65
62 68
62 69
62 73
63 67
63 68
63 71
63 84
63 90
64 67
64 93
65 77
65 97
66 72
66 78
67 73
68 73
68 76
69 95
71 73
72 77
72 79
73 79
73 84
74 97
77 78
81 87
82 83
82 97
84 93
97 98
98 92
