500 6655
0 6
0 7
0 22
0 26
0 38
0 66
0 69
0 76
0 78
0 86
0 88
0 93
0 114
0 117
0 120
0 127
0 128
0 142
0 185
0 200
0 204
0 211
0 234
0 237
0 244
0 245
0 248
0 251
0 265
0 283
0 304
0 326
1 5
1 8
1 9
1 10
1 13
1 22
1 29
1 43
1 57
1 78
1 118
1 119
1 125
1 140
1 177
1 186
1 199
1 218
1 233
1 241
1 251
1 254
1 274
1 275
1 295
1 371
1 374
1 403
1 433
1 466
2 8
2 12
2 13
2 17
2 20
2 23
2 29
2 41
2 45
2 46
2 47
2 49
2 50
2 59
2 63
2 91
2 95
2 106
2 112
2 115
2 119
2 131
2 134
2 138
2 157
2 160
2 171
2 193
2 198
2 209
2 231
2 236
2 243
2 245
2 248
2 250
2 256
2 271
2 441
3 5
3 34
3 37
3 43
3 46
3 51
3 61
3 67
3 80
3 91
3 111
3 116
3 123
3 156
3 160
3 184
3 187
3 206
3 207
3 209
3 219
3 222
3 226
3 227
3 238
3 240
3 244
3 265
3 278
3 283
3 410
3 436
4 12
4 42
4 53
4 73
4 84
4 103
4 126
4 136
4 155
4 156
4 164
4 168
4 185
4 191
4 192
4 204
4 207
4 223
4 225
4 229
4 237
4 239
4 242
4 248
4 252
4 253
4 262
4 275
4 281
4 289
4 320
4 369
4 384
4 389
4 433
5 41
5 47
5 66
5 76
5 94
5 120
5 134
5 140
5 151
5 153
5 154
5 158
5 161
5 170
5 198
5 224
5 233
5 243
5 246
5 256
5 261
5 262
5 264
5 270
5 283
5 295
5 382
5 404
5 495
6 9
6 27
6 83
6 102
6 104
6 107
6 116
6 118
6 134
6 150
6 157
6 166
6 171
6 174
6 185
6 186
6 208
6 210
6 223
6 226
6 228
6 271
6 288
6 293
6 313
6 389
7 16
7 19
7 27
7 51
7 54
7 57
7 59
7 68
7 69
7 120
7 123
7 126
7 169
7 177
7 183
7 184
7 186
7 195
7 205
7 227
7 234
7 238
7 246
7 248
7 258
7 268
7 284
7 373
7 385
7 421
7 447
7 479
7 485
8 32
8 41
8 45
8 53
8 84
8 85
8 101
8 103
8 108
8 113
8 115
8 120
8 143
8 144
8 169
8 172
8 173
8 193
8 196
8 215
8 230
8 231
8 238
8 257
8 262
8 266
8 280
8 314
8 408
8 436
8 454
8 478
9 29
9 30
9 31
9 35
9 46
9 47
9 60
9 103
9 126
9 137
9 172
9 177
9 206
9 218
9 231
9 234
9 247
9 253
9 262
9 264
9 289
9 290
9 296
9 301
9 398
10 18
10 43
10 54
10 55
10 59
10 67
10 73
10 82
10 125
10 126
10 135
10 138
10 147
10 154
10 166
10 176
10 179
10 180
10 214
10 219
10 221
10 247
10 251
10 265
10 266
10 271
10 279
10 283
10 293
10 332
10 410
10 429
10 488
11 12
11 13
11 43
11 58
11 62
11 65
11 78
11 86
11 98
11 121
11 132
11 133
11 140
11 147
11 149
11 151
11 180
11 185
11 196
11 197
11 219
11 222
11 232
11 241
11 248
11 260
11 264
11 279
11 280
11 284
11 326
11 401
12 14
12 32
12 47
12 48
12 51
12 54
12 61
12 86
12 87
12 107
12 113
12 116
12 118
12 119
12 132
12 148
12 150
12 151
12 160
12 168
12 173
12 180
12 207
12 208
12 209
12 214
12 215
12 216
12 229
12 238
12 255
12 266
12 274
12 296
12 297
12 353
13 20
13 22
13 28
13 40
13 41
13 53
13 54
13 89
13 93
13 109
13 127
13 133
13 134
13 141
13 143
13 155
13 159
13 162
13 182
13 191
13 193
13 210
13 220
13 228
13 235
13 243
13 245
13 269
13 283
13 287
13 289
13 303
13 324
13 340
13 350
13 496
14 39
14 44
14 48
14 56
14 80
14 81
14 85
14 91
14 97
14 98
14 128
14 144
14 157
14 165
14 168
14 173
14 175
14 183
14 216
14 232
14 234
14 263
14 272
14 296
14 458
15 20
15 21
15 26
15 27
15 29
15 40
15 51
15 75
15 90
15 112
15 114
15 119
15 125
15 138
15 153
15 161
15 175
15 185
15 186
15 195
15 209
15 211
15 220
15 221
15 231
15 233
15 246
15 256
15 266
15 284
15 285
15 300
15 316
15 334
15 339
15 410
15 476
16 26
16 40
16 65
16 73
16 77
16 90
16 97
16 108
16 117
16 123
16 136
16 148
16 154
16 156
16 164
16 173
16 175
16 184
16 195
16 197
16 220
16 241
16 242
16 244
16 269
16 286
16 295
16 350
16 491
16 492
17 29
17 30
17 39
17 43
17 46
17 88
17 119
17 126
17 129
17 140
17 143
17 149
17 169
17 184
17 188
17 191
17 214
17 229
17 234
17 241
17 243
17 245
17 258
17 261
17 264
17 272
17 277
17 358
17 440
17 445
17 461
17 491
18 20
18 22
18 24
18 38
18 60
18 62
18 65
18 84
18 105
18 108
18 161
18 170
18 175
18 185
18 196
18 208
18 255
18 270
18 272
18 278
18 290
18 299
18 371
18 432
18 463
18 471
19 21
19 25
19 36
19 46
19 47
19 67
19 69
19 84
19 90
19 92
19 104
19 106
19 109
19 117
19 128
19 137
19 143
19 145
19 156
19 158
19 174
19 185
19 192
19 195
19 213
19 218
19 220
19 222
19 226
19 229
19 232
19 249
19 266
19 273
19 300
19 324
19 393
19 438
19 439
20 23
20 45
20 49
20 83
20 120
20 147
20 149
20 162
20 165
20 171
20 174
20 181
20 216
20 223
20 236
20 244
20 250
20 260
20 261
20 265
20 267
20 271
20 279
20 287
20 311
20 347
20 362
20 377
20 383
20 436
20 469
20 481
21 22
21 26
21 36
21 37
21 38
21 62
21 63
21 65
21 73
21 97
21 109
21 115
21 140
21 142
21 143
21 151
21 162
21 176
21 178
21 183
21 198
21 200
21 202
21 203
21 206
21 213
21 242
21 248
21 254
21 261
21 287
21 295
21 353
21 373
21 383
21 386
21 438
21 461
21 470
21 493
22 26
22 32
22 45
22 50
22 82
22 91
22 96
22 99
22 121
22 136
22 144
22 149
22 169
22 173
22 178
22 185
22 192
22 196
22 199
22 227
22 228
22 233
22 239
22 242
22 245
22 261
22 269
22 281
22 293
22 296
23 28
23 30
23 35
23 48
23 60
23 67
23 75
23 86
23 91
23 92
23 98
23 99
23 100
23 107
23 108
23 120
23 125
23 126
23 127
23 140
23 146
23 164
23 175
23 188
23 209
23 227
23 233
23 236
23 239
23 258
23 266
23 287
23 293
23 298
23 457
24 26
24 34
24 41
24 46
24 69
24 82
24 107
24 116
24 128
24 139
24 159
24 178
24 181
24 202
24 203
24 204
24 207
24 230
24 248
24 249
24 267
24 293
24 323
24 336
24 413
24 414
24 434
24 436
24 470
24 471
25 35
25 59
25 78
25 79
25 87
25 93
25 103
25 119
25 120
25 121
25 136
25 147
25 155
25 187
25 194
25 196
25 207
25 216
25 226
25 236
25 249
25 258
25 270
25 277
25 278
25 283
25 290
25 309
25 342
25 349
25 359
25 379
25 386
25 454
26 44
26 62
26 73
26 80
26 83
26 98
26 109
26 129
26 132
26 147
26 150
26 153
26 161
26 162
26 171
26 173
26 175
26 180
26 182
26 200
26 213
26 215
26 218
26 226
26 241
26 268
26 299
26 321
27 35
27 48
27 58
27 59
27 71
27 118
27 119
27 158
27 172
27 178
27 202
27 207
27 209
27 214
27 217
27 231
27 249
27 252
27 261
27 275
27 282
27 284
27 298
27 326
27 342
27 421
27 461
28 32
28 44
28 57
28 64
28 69
28 73
28 101
28 103
28 104
28 109
28 117
28 123
28 130
28 131
28 144
28 161
28 170
28 274
28 284
28 289
28 291
28 318
28 391
29 36
29 52
29 53
29 62
29 100
29 106
29 138
29 142
29 154
29 160
29 165
29 182
29 191
29 193
29 195
29 209
29 218
29 238
29 239
29 248
29 254
29 261
29 285
29 290
29 302
29 319
29 323
29 347
29 404
29 456
30 32
30 40
30 42
30 43
30 52
30 58
30 64
30 66
30 86
30 90
30 100
30 140
30 143
30 147
30 165
30 169
30 176
30 189
30 206
30 211
30 239
30 272
30 280
30 288
30 289
30 298
30 299
30 331
30 434
30 499
31 51
31 56
31 65
31 71
31 99
31 106
31 110
31 115
31 133
31 143
31 165
31 177
31 195
31 213
31 214
31 221
31 229
31 230
31 242
31 247
31 254
31 275
31 278
31 285
31 286
31 361
31 442
32 33
32 42
32 62
32 90
32 97
32 110
32 116
32 139
32 156
32 161
32 171
32 202
32 215
32 222
32 226
32 228
32 243
32 247
32 254
32 256
32 269
32 280
32 281
32 290
32 304
32 353
32 378
32 384
32 413
32 428
32 432
32 458
33 42
33 52
33 60
33 76
33 78
33 81
33 84
33 88
33 111
33 113
33 115
33 116
33 120
33 141
33 156
33 159
33 163
33 204
33 211
33 213
33 221
33 224
33 232
33 237
33 262
33 270
33 278
33 282
33 318
33 347
34 59
34 60
34 71
34 82
34 89
34 121
34 125
34 132
34 133
34 137
34 148
34 153
34 158
34 166
34 179
34 187
34 188
34 189
34 212
34 217
34 232
34 239
34 241
34 250
34 267
34 273
34 274
34 281
34 295
34 305
34 327
34 330
34 368
34 429
34 446
35 43
35 51
35 62
35 82
35 103
35 107
35 124
35 128
35 133
35 137
35 163
35 165
35 167
35 169
35 174
35 206
35 214
35 225
35 226
35 233
35 238
35 239
35 242
35 243
35 245
35 258
35 262
35 267
35 270
35 288
35 291
35 295
35 423
35 434
35 461
35 499
36 41
36 45
36 62
36 101
36 124
36 128
36 136
36 158
36 166
36 177
36 185
36 201
36 204
36 209
36 213
36 215
36 218
36 223
36 229
36 246
36 268
36 275
36 280
36 281
36 291
36 294
36 353
36 451
36 467
36 473
36 493
37 40
37 62
37 77
37 82
37 93
37 99
37 110
37 115
37 127
37 129
37 143
37 181
37 185
37 225
37 227
37 230
37 234
37 248
37 252
37 256
37 268
37 282
37 295
37 325
37 331
37 355
37 362
37 396
37 404
37 408
37 463
38 39
38 65
38 92
38 93
38 94
38 109
38 115
38 123
38 140
38 145
38 146
38 156
38 158
38 163
38 166
38 187
38 195
38 196
38 205
38 208
38 213
38 238
38 240
38 253
38 276
38 289
38 290
38 297
38 298
38 310
38 335
38 342
38 357
38 409
39 46
39 48
39 49
39 53
39 70
39 76
39 77
39 85
39 93
39 101
39 105
39 117
39 121
39 123
39 126
39 127
39 153
39 188
39 192
39 193
39 207
39 223
39 227
39 239
39 242
39 243
39 251
39 279
39 284
39 330
39 345
39 358
39 388
39 399
39 400
39 490
40 47
40 58
40 68
40 86
40 129
40 158
40 159
40 162
40 174
40 195
40 209
40 225
40 237
40 248
40 278
40 292
40 293
41 46
41 61
41 69
41 76
41 80
41 103
41 110
41 113
41 116
41 123
41 145
41 147
41 149
41 151
41 165
41 169
41 182
41 185
41 197
41 203
41 206
41 207
41 221
41 223
41 225
41 277
41 280
41 295
41 303
41 415
41 433
41 460
42 44
42 45
42 72
42 81
42 83
42 93
42 95
42 117
42 129
42 147
42 155
42 157
42 159
42 182
42 184
42 188
42 195
42 196
42 221
42 227
42 294
42 296
42 394
42 395
43 49
43 56
43 65
43 69
43 79
43 107
43 118
43 121
43 123
43 131
43 137
43 145
43 153
43 159
43 172
43 184
43 194
43 215
43 221
43 232
43 265
43 270
43 287
43 290
43 296
43 299
43 370
43 372
43 460
44 71
44 74
44 82
44 89
44 91
44 101
44 164
44 176
44 185
44 221
44 225
44 231
44 234
44 235
44 238
44 241
44 245
44 246
44 261
44 286
44 299
44 324
44 378
44 429
44 460
44 497
45 48
45 66
45 72
45 84
45 86
45 89
45 98
45 99
45 103
45 120
45 152
45 168
45 173
45 204
45 210
45 214
45 219
45 228
45 236
45 267
45 269
45 270
45 274
45 281
45 286
45 297
45 304
45 391
45 461
45 469
46 48
46 66
46 70
46 80
46 98
46 122
46 125
46 183
46 185
46 186
46 201
46 213
46 214
46 217
46 219
46 223
46 224
46 239
46 244
46 249
46 252
46 257
46 263
46 267
46 279
46 295
46 328
46 341
46 361
46 429
46 443
46 483
47 63
47 71
47 84
47 86
47 97
47 101
47 102
47 103
47 106
47 107
47 124
47 125
47 143
47 173
47 179
47 187
47 188
47 190
47 203
47 207
47 219
47 223
47 225
47 240
47 243
47 253
47 256
47 266
47 274
47 298
47 299
47 335
47 365
47 380
47 445
47 447
47 487
48 61
48 71
48 76
48 94
48 100
48 111
48 113
48 121
48 131
48 138
48 141
48 144
48 148
48 160
48 197
48 198
48 212
48 220
48 226
48 229
48 233
48 236
48 253
48 258
48 265
48 292
48 296
48 369
48 415
48 427
48 466
48 475
49 61
49 70
49 72
49 79
49 102
49 108
49 133
49 136
49 163
49 165
49 167
49 168
49 174
49 180
49 186
49 213
49 215
49 216
49 222
49 245
49 247
49 256
49 259
49 269
49 276
49 277
49 288
49 290
49 295
49 310
49 320
49 399
49 450
49 466
50 78
50 89
50 96
50 105
50 118
50 138
50 139
50 145
50 146
50 157
50 159
50 163
50 169
50 174
50 181
50 188
50 204
50 214
50 222
50 231
50 232
50 281
50 290
50 294
50 295
50 298
50 341
50 361
50 400
50 407
51 59
51 63
51 87
51 88
51 95
51 112
51 116
51 132
51 142
51 160
51 161
51 178
51 184
51 195
51 199
51 207
51 236
51 250
51 252
51 263
51 273
51 276
51 289
51 296
51 391
51 422
51 447
51 481
51 491
52 53
52 66
52 71
52 86
52 94
52 97
52 111
52 118
52 127
52 132
52 150
52 154
52 156
52 161
52 174
52 205
52 225
52 254
52 256
52 265
52 271
52 290
52 299
52 325
52 376
52 416
53 58
53 59
53 113
53 136
53 137
53 151
53 169
53 178
53 201
53 247
53 279
53 295
53 314
53 319
53 337
53 344
53 350
53 390
54 59
54 71
54 73
54 74
54 89
54 115
54 128
54 135
54 161
54 163
54 175
54 184
54 193
54 198
54 216
54 218
54 222
54 229
54 231
54 237
54 239
54 268
54 269
54 281
54 289
54 350
54 381
54 438
55 61
55 62
55 80
55 88
55 108
55 111
55 114
55 138
55 150
55 185
55 186
55 187
55 193
55 201
55 204
55 210
55 241
55 254
55 276
55 296
55 336
55 397
55 413
55 468
55 499
56 57
56 80
56 88
56 103
56 132
56 149
56 153
56 166
56 194
56 197
56 205
56 206
56 220
56 223
56 232
56 239
56 249
56 286
56 290
56 292
56 298
56 388
56 407
56 449
56 465
56 498
57 70
57 87
57 88
57 103
57 106
57 109
57 122
57 157
57 162
57 163
57 165
57 184
57 205
57 206
57 208
57 210
57 220
57 222
57 224
57 231
57 247
57 258
57 279
57 335
57 436
58 80
58 85
58 93
58 94
58 96
58 101
58 105
58 115
58 116
58 126
58 130
58 145
58 148
58 156
58 161
58 164
58 173
58 189
58 198
58 208
58 209
58 214
58 227
58 235
58 241
58 245
58 281
58 379
58 471
58 496
59 62
59 73
59 77
59 111
59 119
59 136
59 141
59 186
59 190
59 192
59 198
59 200
59 201
59 207
59 208
59 242
59 244
59 255
59 257
59 285
59 289
59 291
59 293
59 295
59 308
60 65
60 68
60 72
60 90
60 111
60 127
60 156
60 177
60 192
60 199
60 204
60 225
60 228
60 230
60 233
60 236
60 255
60 257
60 273
60 284
60 294
60 353
60 430
60 436
60 443
61 66
61 80
61 88
61 94
61 104
61 106
61 107
61 115
61 121
61 124
61 144
61 167
61 171
61 175
61 182
61 196
61 199
61 211
61 213
61 215
61 218
61 222
61 246
61 247
61 250
61 262
61 281
61 351
61 420
61 444
61 448
62 82
62 87
62 91
62 104
62 125
62 132
62 136
62 139
62 159
62 162
62 173
62 183
62 189
62 195
62 201
62 215
62 216
62 231
62 234
62 237
62 248
62 259
62 282
62 285
62 288
62 299
62 337
62 383
62 446
62 467
62 483
63 65
63 70
63 105
63 106
63 118
63 119
63 120
63 128
63 136
63 142
63 146
63 151
63 169
63 170
63 191
63 205
63 212
63 214
63 237
63 260
63 264
63 280
63 287
63 290
63 297
63 321
63 347
63 430
63 444
63 474
64 66
64 73
64 90
64 100
64 108
64 116
64 119
64 122
64 129
64 135
64 142
64 153
64 156
64 161
64 179
64 186
64 200
64 216
64 220
64 238
64 247
64 256
64 263
64 275
64 280
64 346
64 433
64 491
65 71
65 79
65 80
65 81
65 82
65 84
65 93
65 94
65 103
65 156
65 167
65 187
65 191
65 192
65 196
65 208
65 209
65 213
65 228
65 237
65 279
65 302
65 310
65 373
65 400
65 495
66 109
66 111
66 114
66 122
66 131
66 132
66 138
66 143
66 161
66 186
66 219
66 227
66 240
66 241
66 242
66 253
66 268
66 281
66 288
66 290
66 338
66 349
66 352
66 358
66 496
67 84
67 106
67 110
67 111
67 115
67 127
67 131
67 145
67 159
67 162
67 166
67 189
67 204
67 226
67 232
67 252
67 253
67 274
67 277
67 282
67 297
67 301
67 319
67 341
67 365
68 75
68 80
68 91
68 93
68 121
68 132
68 155
68 175
68 181
68 182
68 187
68 191
68 196
68 205
68 206
68 219
68 239
68 244
68 246
68 255
68 258
68 262
68 282
68 286
68 291
68 297
68 419
68 480
69 76
69 78
69 85
69 86
69 111
69 126
69 135
69 162
69 180
69 185
69 187
69 194
69 201
69 218
69 248
69 255
69 264
69 272
69 273
69 275
69 277
69 279
69 281
69 284
69 288
69 292
69 318
69 334
69 342
69 390
69 394
69 417
69 428
70 73
70 83
70 99
70 112
70 116
70 120
70 149
70 160
70 163
70 172
70 179
70 187
70 210
70 212
70 242
70 256
70 262
70 275
70 316
70 322
70 369
70 484
70 488
70 499
71 74
71 78
71 82
71 97
71 108
71 110
71 113
71 122
71 123
71 131
71 137
71 138
71 142
71 143
71 156
71 158
71 169
71 172
71 183
71 191
71 196
71 197
71 198
71 199
71 212
71 230
71 244
71 260
71 319
71 320
71 329
71 334
71 345
71 369
71 417
71 419
71 421
71 498
72 83
72 86
72 95
72 97
72 103
72 111
72 119
72 124
72 146
72 154
72 159
72 165
72 174
72 175
72 179
72 195
72 196
72 205
72 209
72 215
72 234
72 246
72 263
72 267
72 271
72 278
72 299
72 392
72 397
72 454
73 75
73 83
73 113
73 121
73 124
73 136
73 151
73 161
73 171
73 173
73 174
73 181
73 195
73 200
73 235
73 238
73 257
73 262
73 276
73 295
73 296
73 299
73 351
73 399
73 407
74 76
74 88
74 92
74 93
74 99
74 107
74 110
74 115
74 116
74 117
74 126
74 128
74 134
74 142
74 148
74 151
74 163
74 165
74 178
74 191
74 193
74 208
74 209
74 213
74 219
74 247
74 248
74 250
74 253
74 266
74 280
74 286
74 291
74 296
74 299
74 329
74 378
74 433
74 442
75 76
75 78
75 114
75 121
75 127
75 132
75 139
75 140
75 141
75 144
75 162
75 166
75 177
75 182
75 195
75 207
75 220
75 240
75 246
75 249
75 265
75 275
75 299
75 361
75 392
75 397
75 402
75 463
76 96
76 125
76 129
76 135
76 136
76 144
76 148
76 149
76 155
76 159
76 165
76 168
76 172
76 189
76 203
76 207
76 216
76 220
76 242
76 259
76 265
76 283
76 285
76 337
76 369
76 439
76 454
76 484
76 494
77 80
77 102
77 105
77 118
77 130
77 140
77 162
77 174
77 197
77 198
77 205
77 209
77 223
77 224
77 230
77 235
77 285
77 295
77 344
78 93
78 106
78 134
78 139
78 140
78 147
78 175
78 177
78 180
78 183
78 213
78 215
78 216
78 233
78 238
78 239
78 242
78 251
78 252
78 256
78 278
78 286
78 288
78 347
78 356
78 449
79 82
79 90
79 101
79 103
79 112
79 125
79 148
79 168
79 176
79 198
79 209
79 210
79 211
79 223
79 228
79 233
79 241
79 245
79 252
79 254
79 273
79 274
79 279
79 299
79 300
79 311
79 336
79 366
79 390
80 81
80 113
80 133
80 144
80 152
80 159
80 168
80 169
80 174
80 177
80 188
80 192
80 202
80 224
80 237
80 249
80 251
80 252
80 269
80 296
80 301
80 374
80 413
81 83
81 93
81 98
81 125
81 131
81 134
81 136
81 147
81 160
81 182
81 203
81 205
81 207
81 212
81 218
81 219
81 223
81 262
81 271
81 296
81 315
81 321
81 429
81 464
81 473
82 85
82 92
82 93
82 106
82 107
82 118
82 119
82 124
82 139
82 157
82 164
82 178
82 193
82 196
82 202
82 204
82 213
82 217
82 218
82 224
82 267
82 272
82 276
82 283
82 288
82 458
83 96
83 102
83 139
83 151
83 158
83 160
83 173
83 178
83 181
83 206
83 209
83 230
83 234
83 237
83 254
83 259
83 272
83 274
83 285
83 291
83 292
83 298
83 352
83 389
83 400
84 98
84 111
84 120
84 121
84 127
84 134
84 137
84 138
84 156
84 157
84 169
84 170
84 176
84 195
84 207
84 214
84 222
84 227
84 235
84 243
84 254
84 268
84 277
84 292
84 330
84 359
84 388
84 444
84 479
84 488
85 90
85 99
85 106
85 113
85 126
85 128
85 138
85 141
85 143
85 155
85 158
85 162
85 172
85 174
85 189
85 194
85 212
85 225
85 230
85 232
85 236
85 237
85 253
85 259
85 260
85 275
85 277
85 287
85 304
85 386
85 397
85 406
85 471
86 91
86 111
86 116
86 133
86 138
86 150
86 153
86 164
86 176
86 187
86 188
86 191
86 220
86 223
86 234
86 254
86 277
86 288
86 289
86 291
86 296
86 351
86 377
86 383
87 101
87 131
87 136
87 181
87 196
87 204
87 231
87 243
87 253
87 259
87 262
87 284
87 288
87 296
87 351
87 418
87 425
87 451
87 478
88 95
88 115
88 121
88 124
88 142
88 160
88 188
88 203
88 236
88 237
88 245
88 261
88 276
88 280
88 290
88 292
88 325
88 392
88 421
88 449
89 93
89 95
89 126
89 130
89 132
89 136
89 140
89 152
89 155
89 158
89 163
89 166
89 167
89 175
89 180
89 184
89 198
89 204
89 206
89 215
89 217
89 254
89 261
89 284
89 289
89 294
89 298
89 330
89 456
90 94
90 98
90 105
90 112
90 115
90 125
90 142
90 144
90 172
90 180
90 186
90 193
90 211
90 243
90 260
90 263
90 268
90 294
90 337
90 356
90 359
90 360
90 384
90 407
90 419
90 494
91 99
91 104
91 105
91 124
91 128
91 156
91 169
91 172
91 201
91 203
91 205
91 207
91 212
91 230
91 242
91 289
91 290
91 415
91 469
92 93
92 95
92 100
92 106
92 107
92 115
92 123
92 142
92 160
92 165
92 168
92 170
92 175
92 187
92 199
92 209
92 238
92 264
92 265
92 267
92 277
92 297
92 431
93 99
93 113
93 128
93 157
93 162
93 180
93 187
93 189
93 190
93 200
93 202
93 206
93 214
93 223
93 239
93 254
93 260
93 262
93 283
93 284
93 292
93 329
93 392
93 446
94 97
94 116
94 119
94 122
94 141
94 151
94 160
94 161
94 162
94 176
94 189
94 203
94 209
94 226
94 233
94 255
94 256
94 258
94 266
94 268
94 270
94 284
94 296
94 364
94 382
94 389
94 402
94 437
94 439
94 456
95 119
95 129
95 148
95 156
95 162
95 168
95 169
95 217
95 221
95 224
95 230
95 237
95 239
95 242
95 246
95 247
95 253
95 265
95 283
95 291
95 299
95 316
95 339
95 456
95 464
96 98
96 99
96 108
96 113
96 123
96 138
96 174
96 184
96 209
96 212
96 221
96 222
96 236
96 244
96 246
96 272
96 276
96 283
96 287
96 295
96 311
96 432
96 438
97 128
97 138
97 140
97 141
97 148
97 149
97 157
97 178
97 189
97 204
97 212
97 238
97 249
97 272
97 278
97 292
97 329
97 348
97 363
97 411
97 463
97 468
98 104
98 105
98 121
98 138
98 149
98 151
98 154
98 161
98 173
98 174
98 175
98 178
98 191
98 201
98 224
98 240
98 250
98 266
98 277
98 282
98 283
98 285
98 294
98 299
98 324
98 340
98 457
99 113
99 130
99 141
99 144
99 149
99 172
99 203
99 208
99 211
99 213
99 221
99 256
99 258
99 263
99 266
99 287
99 289
99 291
99 327
99 394
99 407
99 485
100 106
100 117
100 136
100 151
100 171
100 197
100 203
100 204
100 221
100 223
100 233
100 242
100 247
100 248
100 256
100 257
100 271
100 272
100 276
100 315
100 406
100 454
101 106
101 108
101 114
101 118
101 144
101 150
101 153
101 155
101 178
101 190
101 192
101 205
101 210
101 245
101 257
101 261
101 278
101 280
101 287
101 297
101 302
101 336
101 413
102 114
102 119
102 120
102 125
102 131
102 155
102 157
102 165
102 181
102 189
102 198
102 204
102 215
102 224
102 236
102 263
102 264
102 269
102 272
102 281
102 288
102 295
102 430
102 493
103 117
103 119
103 120
103 148
103 150
103 213
103 214
103 221
103 224
103 230
103 235
103 240
103 251
103 261
103 269
103 272
103 294
103 296
103 317
103 325
103 328
103 354
103 366
103 461
103 499
104 121
104 125
104 129
104 133
104 143
104 145
104 155
104 159
104 164
104 165
104 169
104 187
104 188
104 211
104 213
104 227
104 230
104 241
104 242
104 245
104 249
104 263
104 266
104 274
104 276
104 279
104 344
104 470
105 107
105 118
105 124
105 128
105 129
105 153
105 169
105 186
105 194
105 209
105 240
105 255
105 272
105 291
105 295
105 346
105 369
105 392
106 109
106 120
106 121
106 143
106 145
106 148
106 153
106 170
106 173
106 211
106 233
106 245
106 280
106 295
106 296
106 297
106 327
106 359
106 365
106 411
106 443
106 448
106 499
107 112
107 118
107 123
107 131
107 140
107 141
107 147
107 166
107 180
107 187
107 193
107 222
107 241
107 242
107 262
107 265
107 281
107 293
107 314
108 144
108 154
108 155
108 157
108 180
108 200
108 203
108 204
108 207
108 214
108 219
108 222
108 229
108 235
108 243
108 248
108 253
108 277
108 284
108 296
108 297
108 309
108 374
108 392
109 163
109 185
109 194
109 215
109 234
109 242
109 246
109 273
109 275
109 280
109 305
109 373
109 470
109 471
110 118
110 128
110 130
110 131
110 133
110 140
110 164
110 183
110 197
110 201
110 204
110 223
110 229
110 266
110 273
110 277
110 288
110 324
110 367
110 407
110 431
110 472
111 112
111 137
111 141
111 184
111 188
111 208
111 213
111 224
111 233
111 234
111 237
111 245
111 247
111 250
111 258
111 261
111 268
111 292
112 123
112 157
112 170
112 187
112 192
112 193
112 195
112 200
112 214
112 215
112 219
112 224
112 242
112 250
112 259
112 264
112 265
112 266
112 286
112 295
112 365
112 368
112 415
112 448
112 461
113 123
113 137
113 184
113 196
113 202
113 204
113 212
113 224
113 225
113 228
113 234
113 237
113 248
113 255
113 267
113 279
113 301
113 308
113 403
113 436
114 122
114 123
114 126
114 137
114 138
114 160
114 173
114 175
114 181
114 197
114 203
114 212
114 236
114 252
114 262
114 270
114 273
114 280
114 296
114 358
114 364
114 378
114 451
114 489
115 125
115 128
115 136
115 137
115 138
115 152
115 156
115 160
115 161
115 162
115 170
115 179
115 193
115 212
115 223
115 225
115 248
115 254
115 264
115 272
115 280
115 281
115 337
115 355
115 458
116 121
116 123
116 128
116 167
116 169
116 198
116 205
116 226
116 228
116 251
116 414
116 448
116 486
117 138
117 148
117 165
117 175
117 185
117 186
117 192
117 205
117 206
117 212
117 213
117 216
117 225
117 229
117 248
117 261
117 274
117 276
117 288
117 329
117 360
117 411
117 416
118 127
118 146
118 161
118 167
118 175
118 176
118 182
118 195
118 200
118 205
118 215
118 239
118 242
118 247
118 248
118 259
118 283
118 291
118 335
118 346
118 424
118 478
119 122
119 128
119 151
119 156
119 167
119 176
119 179
119 184
119 187
119 197
119 208
119 219
119 230
119 252
119 255
119 275
119 314
119 462
119 498
120 122
120 125
120 127
120 129
120 143
120 144
120 147
120 168
120 173
120 174
120 187
120 188
120 190
120 200
120 210
120 215
120 224
120 226
120 243
120 253
120 272
120 274
120 295
120 430
120 439
121 122
121 129
121 132
121 149
121 152
121 162
121 166
121 167
121 175
121 208
121 220
121 230
121 232
121 239
121 243
121 255
121 264
121 266
121 268
121 277
121 295
121 335
121 338
121 342
121 407
121 414
122 153
122 179
122 184
122 219
122 224
122 227
122 234
122 239
122 244
122 261
123 140
123 151
123 153
123 156
123 159
123 191
123 200
123 206
123 210
123 224
123 235
123 242
123 252
123 258
123 261
123 266
123 268
123 270
123 273
123 277
123 278
123 349
123 360
123 408
123 449
124 134
124 140
124 155
124 164
124 173
124 179
124 187
124 201
124 206
124 209
124 221
124 238
124 247
124 251
124 253
124 258
124 263
124 274
124 281
124 285
124 362
124 367
124 397
124 429
124 449
124 454
125 127
125 129
125 134
125 137
125 138
125 146
125 168
125 180
125 181
125 194
125 215
125 232
125 239
125 242
125 250
125 251
125 266
125 272
125 286
125 296
125 298
125 299
125 312
125 363
125 376
126 135
126 153
126 157
126 160
126 164
126 166
126 175
126 188
126 206
126 232
126 239
126 248
126 256
126 269
126 278
126 281
126 287
126 289
126 316
126 331
126 433
127 149
127 163
127 188
127 199
127 217
127 230
127 240
127 272
127 281
127 297
127 350
127 466
128 129
128 137
128 141
128 153
128 155
128 157
128 163
128 184
128 185
128 200
128 212
128 218
128 222
128 231
128 267
128 275
128 277
128 289
128 291
128 297
128 299
128 310
128 395
128 473
128 482
129 131
129 156
129 165
129 186
129 187
129 191
129 198
129 208
129 215
129 221
129 222
129 226
129 238
129 240
129 247
129 273
129 279
129 287
129 289
129 299
129 312
129 339
129 340
129 371
129 387
129 462
130 133
130 148
130 152
130 154
130 155
130 156
130 171
130 179
130 189
130 222
130 225
130 253
130 261
130 262
130 272
130 276
130 277
130 285
130 287
130 303
130 305
130 372
131 136
131 155
131 175
131 183
131 186
131 193
131 203
131 215
131 221
131 223
131 263
131 272
131 303
131 348
132 133
132 148
132 183
132 193
132 210
132 211
132 215
132 249
132 277
132 295
132 322
132 489
133 136
133 165
133 179
133 182
133 189
133 216
133 217
133 227
133 254
133 257
133 262
133 270
133 278
133 279
133 296
133 384
133 387
133 402
134 139
134 148
134 169
134 171
134 177
134 204
134 211
134 216
134 227
134 228
134 237
134 239
134 240
134 248
134 256
134 257
134 266
134 275
134 298
134 304
134 372
134 428
134 487
135 141
135 147
135 151
135 160
135 164
135 171
135 184
135 185
135 189
135 202
135 220
135 225
135 227
135 232
135 277
135 279
135 288
135 294
135 398
135 417
135 429
135 485
135 499
136 142
136 148
136 166
136 171
136 189
136 191
136 197
136 202
136 210
136 229
136 242
136 243
136 250
136 265
136 277
136 282
136 297
136 331
136 399
136 430
136 487
136 490
137 144
137 152
137 155
137 169
137 193
137 205
137 210
137 212
137 214
137 216
137 227
137 230
137 231
137 241
137 242
137 263
137 264
137 277
137 297
137 332
137 369
137 465
137 489
138 168
138 169
138 178
138 204
138 212
138 265
138 266
138 269
138 490
139 149
139 152
139 157
139 160
139 166
139 177
139 183
139 208
139 215
139 217
139 257
139 259
139 270
139 272
139 281
139 282
139 284
139 298
139 347
139 445
140 146
140 161
140 166
140 171
140 178
140 180
140 184
140 200
140 210
140 212
140 224
140 231
140 233
140 251
140 275
140 278
140 284
140 287
140 288
140 297
140 336
140 374
140 398
140 485
141 151
141 164
141 179
141 184
141 198
141 200
141 212
141 221
141 228
141 230
141 247
141 257
141 277
141 309
141 324
141 336
141 489
142 150
142 151
142 154
142 155
142 163
142 164
142 168
142 173
142 187
142 195
142 197
142 214
142 221
142 222
142 229
142 244
142 252
142 258
142 262
142 265
142 266
142 304
142 346
143 148
143 159
143 161
143 187
143 189
143 200
143 201
143 202
143 208
143 212
143 224
143 228
143 239
143 249
143 252
143 266
143 282
143 283
143 284
143 287
143 293
143 296
143 309
143 474
144 156
144 159
144 163
144 171
144 174
144 193
144 206
144 231
144 234
144 251
144 272
144 386
144 468
144 475
145 158
145 170
145 185
145 186
145 198
145 200
145 210
145 217
145 218
145 228
145 242
145 250
145 270
145 287
145 302
145 319
145 332
145 334
145 375
145 448
146 147
146 172
146 175
146 182
146 187
146 196
146 204
146 213
146 234
146 238
146 241
146 250
146 263
146 280
146 342
146 351
146 423
146 481
147 166
147 192
147 193
147 199
147 202
147 221
147 225
147 233
147 249
147 254
147 262
147 267
147 290
147 292
147 294
147 296
147 327
147 377
147 391
147 392
148 149
148 154
148 180
148 182
148 190
148 191
148 202
148 209
148 213
148 222
148 267
148 268
148 278
148 280
148 296
148 367
148 370
148 392
149 167
149 169
149 171
149 177
149 223
149 234
149 238
149 241
149 246
149 247
149 249
149 252
149 254
149 257
149 279
149 292
149 312
149 394
149 465
150 155
150 159
150 160
150 178
150 182
150 202
150 208
150 209
150 210
150 212
150 216
150 239
150 247
150 248
150 256
150 257
150 261
150 265
150 267
150 271
150 292
150 293
150 296
150 381
150 455
150 474
151 153
151 161
151 171
151 180
151 202
151 204
151 206
151 217
151 239
151 245
151 249
151 250
151 259
151 279
151 282
151 289
151 292
151 338
151 342
151 353
151 438
151 459
151 460
151 465
152 153
152 171
152 172
152 176
152 180
152 188
152 194
152 195
152 202
152 209
152 212
152 256
152 260
152 263
152 264
152 268
152 274
152 285
152 293
152 296
152 314
152 357
152 453
153 164
153 168
153 170
153 171
153 174
153 181
153 189
153 194
153 211
153 226
153 236
153 258
153 267
153 282
153 328
153 345
153 407
153 474
154 160
154 178
154 180
154 184
154 191
154 197
154 199
154 210
154 218
154 226
154 235
154 269
154 284
154 305
154 363
154 387
155 165
155 166
155 169
155 185
155 194
155 195
155 199
155 204
155 232
155 233
155 244
155 246
155 248
155 252
155 276
155 283
155 293
155 297
155 419
155 423
155 463
155 484
156 181
156 191
156 201
156 231
156 236
156 249
156 256
156 278
156 283
156 330
156 341
156 393
156 451
156 459
157 168
157 170
157 173
157 187
157 189
157 190
157 199
157 202
157 231
157 235
157 250
157 271
157 275
157 292
157 297
157 413
157 462
158 159
158 161
158 172
158 176
158 185
158 187
158 192
158 199
158 200
158 212
158 216
158 220
158 224
158 230
158 233
158 237
158 243
158 244
158 250
158 259
158 264
158 271
158 279
158 288
158 295
158 416
158 478
159 164
159 174
159 187
159 223
159 230
159 232
159 238
159 247
159 249
159 253
159 259
159 269
159 285
159 292
159 299
159 347
159 453
159 471
159 499
160 163
160 169
160 172
160 180
160 213
160 230
160 233
160 240
160 254
160 276
160 295
160 299
160 308
160 384
160 397
160 402
160 415
160 426
160 435
160 454
160 459
161 176
161 187
161 189
161 195
161 196
161 205
161 216
161 218
161 222
161 233
161 238
161 268
161 269
161 275
161 286
161 299
161 357
161 432
161 463
161 497
162 181
162 190
162 191
162 193
162 195
162 203
162 237
162 286
162 331
162 377
162 378
162 383
162 416
162 494
163 165
163 166
163 168
163 177
163 178
163 190
163 195
163 220
163 226
163 243
163 249
163 252
163 253
163 261
163 262
163 272
163 286
163 294
163 298
163 359
163 455
163 468
164 165
164 171
164 181
164 196
164 215
164 224
164 227
164 251
164 253
164 276
164 292
164 350
164 404
164 481
165 167
165 190
165 201
165 208
165 235
165 237
165 238
165 239
165 249
165 277
165 284
165 292
165 297
165 377
165 387
165 393
165 448
166 174
166 192
166 215
166 216
166 230
166 258
166 260
166 262
166 281
166 287
166 322
166 375
166 377
167 172
167 175
167 176
167 182
167 184
167 191
167 210
167 214
167 216
167 223
167 249
167 254
167 266
167 274
167 295
167 359
167 436
167 473
167 483
168 171
168 176
168 183
168 195
168 213
168 220
168 235
168 246
168 255
168 256
168 270
168 280
168 288
168 290
168 351
168 491
169 192
169 197
169 198
169 199
169 204
169 209
169 211
169 249
169 257
169 261
169 271
169 281
169 291
169 297
169 362
169 404
169 409
169 414
170 176
170 177
170 227
170 233
170 250
170 277
170 283
170 284
170 295
170 301
170 335
170 404
171 175
171 181
171 184
171 186
171 187
171 190
171 217
171 220
171 230
171 238
171 241
171 242
171 251
171 265
171 267
171 271
171 275
171 276
171 303
171 312
171 335
171 412
171 434
172 174
172 179
172 190
172 193
172 198
172 201
172 206
172 208
172 209
172 216
172 219
172 221
172 229
172 235
172 240
172 248
172 255
172 257
172 275
172 289
172 310
172 337
172 356
172 436
173 202
173 244
173 268
173 281
173 297
173 346
173 401
173 439
174 175
174 207
174 213
174 222
174 228
174 246
174 253
174 256
174 261
174 269
174 273
174 283
174 285
174 295
174 363
174 410
174 422
174 450
174 492
175 181
175 198
175 200
175 208
175 234
175 266
175 272
175 273
175 277
175 297
175 299
175 317
175 333
175 435
176 181
176 203
176 205
176 211
176 225
176 238
176 241
176 245
176 254
176 255
176 257
176 260
176 265
176 272
176 274
176 289
176 402
176 462
176 466
177 180
177 197
177 209
177 212
177 228
177 233
177 256
177 264
177 269
177 275
177 281
177 284
177 290
177 360
177 376
177 401
177 403
178 183
178 188
178 194
178 203
178 223
178 233
178 246
178 259
178 269
178 273
178 276
178 278
178 321
178 346
178 427
179 196
179 212
179 239
179 241
179 254
179 270
179 285
179 291
179 293
179 330
179 368
179 435
179 462
179 475
179 489
180 189
180 194
180 195
180 197
180 207
180 215
180 227
180 229
180 245
180 246
180 267
180 268
180 283
180 288
180 291
180 293
180 323
180 327
180 332
180 345
180 403
180 430
180 455
180 481
180 493
180 499
181 186
181 192
181 193
181 211
181 218
181 221
181 222
181 235
181 243
181 246
181 279
181 285
181 299
181 339
181 349
181 366
181 367
181 411
181 426
181 494
182 184
182 186
182 193
182 199
182 214
182 239
182 241
182 254
182 260
182 266
182 271
182 284
182 329
182 340
182 374
182 392
182 412
182 415
183 202
183 207
183 219
183 259
183 260
183 268
183 275
183 296
183 390
183 441
184 188
184 221
184 223
184 228
184 235
184 251
184 253
184 269
184 276
184 288
184 295
184 492
185 195
185 205
185 214
185 235
185 246
185 249
185 272
185 285
185 286
185 287
185 292
185 303
185 412
185 473
186 212
186 218
186 219
186 274
186 279
186 281
186 286
186 303
186 350
186 427
186 440
186 455
186 480
187 191
187 195
187 207
187 220
187 223
187 224
187 238
187 250
187 275
187 292
187 319
187 327
187 378
187 398
188 199
188 202
188 209
188 211
188 217
188 224
188 230
188 235
188 237
188 244
188 245
188 253
188 268
188 284
188 292
188 294
188 297
188 310
188 334
188 375
188 406
189 197
189 203
189 208
189 218
189 220
189 222
189 231
189 240
189 267
189 272
189 275
189 276
189 278
189 287
189 288
189 290
189 297
189 322
189 367
189 468
190 204
190 223
190 227
190 242
190 312
190 379
190 481
190 497
191 203
191 217
191 226
191 238
191 247
191 248
191 261
191 275
191 279
191 280
191 294
191 295
191 299
191 329
191 344
191 430
191 444
192 225
192 236
192 241
192 246
192 257
192 262
192 265
192 278
192 282
192 284
192 293
192 301
192 310
192 320
192 328
192 343
192 362
192 389
192 453
192 461
193 218
193 222
193 225
193 247
193 248
193 262
193 263
193 265
193 272
193 274
193 285
193 292
193 375
193 391
193 418
193 420
193 473
193 489
194 201
194 203
194 206
194 211
194 224
194 227
194 235
194 240
194 257
194 258
194 280
194 295
194 351
194 410
194 420
195 196
195 197
195 207
195 237
195 247
195 263
195 273
195 350
195 388
195 495
196 202
196 220
196 224
196 227
196 239
196 243
196 245
196 261
196 263
196 270
196 286
196 309
196 319
196 358
197 221
197 229
197 231
197 238
197 244
197 250
197 273
197 283
197 286
197 333
197 360
197 451
197 463
198 209
198 213
198 217
198 236
198 241
198 243
198 245
198 247
198 251
198 252
198 258
198 262
198 294
198 378
198 494
199 203
199 219
199 220
199 225
199 247
199 251
199 254
199 267
199 283
199 286
199 299
200 211
200 212
200 218
200 222
200 232
200 237
200 239
200 263
200 266
200 271
200 284
200 298
200 310
200 325
200 349
200 405
201 204
201 218
201 222
201 252
201 257
201 262
201 281
201 375
201 397
201 458
201 471
202 206
202 207
202 213
202 225
202 233
202 249
202 272
202 276
202 281
202 287
202 288
202 347
202 425
202 494
202 499
203 231
203 252
203 255
203 264
203 268
203 282
203 286
203 289
203 341
203 361
203 472
204 239
204 251
204 287
204 294
204 329
204 351
204 369
204 430
204 454
204 481
204 485
205 223
205 225
205 236
205 242
205 244
205 257
205 258
205 260
205 264
205 273
205 274
205 281
205 293
205 378
205 382
205 411
205 439
205 442
205 491
206 207
206 219
206 235
206 236
206 244
206 261
206 263
206 270
206 286
206 293
206 327
206 454
206 488
207 224
207 248
207 257
207 259
207 262
207 277
207 280
207 290
207 325
207 357
207 391
207 431
207 437
208 221
208 223
208 258
208 261
208 275
208 375
208 385
208 496
209 210
209 232
209 235
209 255
209 256
209 262
209 264
209 281
209 289
209 292
209 345
209 368
209 494
209 495
209 497
210 220
210 222
210 225
210 263
210 270
210 271
210 276
210 286
210 296
210 330
210 363
211 244
211 257
211 268
211 277
211 288
211 292
211 409
211 415
211 427
212 223
212 233
212 249
212 265
212 267
212 280
212 281
212 298
212 317
212 411
212 466
212 469
212 477
213 216
213 234
213 243
213 247
213 276
213 285
213 291
213 293
213 294
213 297
213 298
213 304
213 312
213 324
213 326
213 462
214 215
214 282
214 284
214 293
214 297
214 327
214 368
214 486
214 491
215 222
215 237
215 242
215 256
215 273
215 280
215 284
215 288
215 291
215 295
215 296
215 337
215 340
215 390
215 392
215 465
215 478
216 218
216 234
216 236
216 237
216 248
216 253
216 257
216 267
216 270
216 273
216 278
216 292
216 297
216 299
216 327
217 218
217 229
217 232
217 233
217 234
217 237
217 265
217 268
217 280
217 281
217 284
217 323
217 490
218 227
218 264
218 290
218 292
218 440
219 232
219 256
219 257
219 260
219 274
219 285
219 297
219 304
219 324
219 337
219 367
219 387
219 395
219 469
219 483
220 229
220 243
220 250
220 263
220 267
220 273
220 274
220 284
220 345
220 362
221 224
221 244
221 245
221 298
221 426
222 233
222 234
222 239
222 246
222 248
222 252
222 254
222 263
222 267
222 274
222 275
222 289
222 290
222 291
222 295
222 298
222 364
222 450
222 457
223 245
223 248
223 263
223 272
223 275
223 278
223 280
223 297
223 299
223 371
223 390
223 416
223 495
224 233
224 239
224 248
224 250
224 255
224 257
224 267
224 271
224 283
224 285
224 291
224 292
224 298
224 315
224 340
224 353
224 368
224 426
224 466
225 227
225 238
225 243
225 250
225 266
225 268
225 272
225 273
225 280
225 283
225 295
225 296
225 311
225 335
225 355
225 437
225 492
225 496
226 245
226 266
226 296
226 338
226 350
227 242
227 284
227 295
227 352
227 412
227 436
227 489
228 233
228 243
228 249
228 269
228 288
228 293
228 294
228 328
228 346
228 381
228 438
229 232
229 236
229 242
229 259
229 262
229 272
229 298
229 304
230 233
230 244
230 251
230 260
230 265
230 271
230 275
230 277
230 283
230 285
230 298
230 319
230 453
231 232
231 246
231 248
231 265
231 271
231 273
231 274
231 277
231 283
231 297
231 299
231 315
231 330
231 378
231 396
231 397
231 455
232 247
232 257
232 287
232 294
232 295
232 299
232 350
232 489
233 235
233 252
233 259
233 268
233 277
233 278
233 293
233 398
233 449
234 239
234 247
234 254
234 257
234 262
234 285
234 289
234 292
234 294
234 314
234 350
234 426
234 491
235 245
235 251
235 262
235 277
235 280
235 296
235 298
235 309
235 312
235 328
235 330
235 372
235 393
235 421
235 427
235 428
235 439
235 479
236 239
236 246
236 259
236 265
236 279
236 287
236 291
237 249
237 251
237 267
237 280
237 468
238 299
238 315
238 342
238 403
238 427
238 487
239 278
239 284
239 289
239 291
239 322
239 354
239 465
239 471
239 485
240 241
240 242
240 246
240 266
240 294
240 315
240 371
240 419
240 424
240 461
240 478
241 251
241 252
241 261
241 265
241 291
241 313
241 323
241 375
241 404
241 459
241 474
242 247
242 253
242 255
242 267
242 293
242 398
242 413
242 426
242 464
243 260
243 271
243 294
243 314
243 326
243 406
243 409
243 412
243 418
243 430
244 256
244 258
244 263
244 280
244 331
244 334
244 344
244 382
244 385
244 429
244 495
245 252
245 261
245 263
245 269
245 276
245 277
245 283
245 286
245 294
245 327
245 397
245 398
245 399
245 484
246 272
246 275
246 279
246 291
246 298
246 299
246 369
246 371
246 491
247 260
247 278
247 372
248 258
248 267
248 274
248 347
248 360
248 413
248 453
248 496
249 255
249 263
249 267
249 269
249 274
249 301
249 416
249 422
249 441
249 454
250 254
250 263
250 287
250 289
250 299
250 305
250 359
250 404
250 450
250 482
250 487
251 256
251 260
251 278
251 287
251 291
251 309
251 360
251 475
251 480
252 262
252 272
252 289
252 298
252 308
252 343
253 258
253 259
253 270
253 273
253 284
253 293
253 294
253 295
253 388
254 260
254 268
254 271
254 274
254 287
254 298
254 299
254 389
254 452
254 494
255 262
255 282
255 283
255 287
255 294
255 297
255 313
255 321
255 338
255 480
256 257
256 260
256 265
256 282
256 287
256 292
256 342
256 344
256 437
257 264
257 268
257 271
257 272
257 295
257 338
257 359
257 374
257 461
258 259
258 269
258 293
258 396
258 421
258 456
258 472
258 487
258 497
259 272
259 281
259 302
259 324
259 329
259 346
259 353
259 408
259 409
259 425
260 270
260 292
260 300
260 383
260 421
261 272
261 288
261 291
261 296
261 297
261 309
261 325
261 384
262 295
262 301
262 403
262 438
262 446
262 484
262 496
263 271
263 275
263 276
263 277
263 286
263 288
263 448
264 295
264 353
264 408
264 472
265 279
265 285
265 298
265 331
265 419
265 462
265 476
266 290
266 292
266 293
266 309
266 325
266 339
266 349
266 383
266 395
266 408
266 499
267 273
267 294
267 391
267 401
267 415
267 452
268 274
268 286
268 289
268 298
268 299
268 311
268 393
268 452
268 462
268 480
268 491
268 493
269 271
269 274
269 289
269 298
269 302
269 310
269 358
269 375
269 384
270 328
270 472
270 481
271 279
271 295
271 335
271 435
272 277
272 289
272 291
272 378
272 429
272 467
273 457
273 465
273 493
273 498
274 284
274 285
274 337
274 339
274 411
274 494
275 288
275 289
275 290
275 307
275 348
275 355
275 455
275 468
275 475
275 485
276 324
276 333
276 354
276 363
276 421
276 478
276 492
277 288
277 314
277 373
277 400
277 461
277 471
277 486
278 279
278 289
278 291
278 332
278 335
278 460
278 485
279 280
279 298
279 348
279 349
279 373
279 392
280 287
280 430
280 475
280 499
281 284
281 340
281 469
282 284
282 287
282 290
282 341
282 343
282 382
282 450
282 461
283 289
283 308
283 484
284 297
284 309
284 353
284 361
284 378
284 393
284 431
284 498
285 292
285 299
285 329
285 435
286 292
286 320
286 458
286 478
287 295
288 293
288 297
288 401
288 446
288 452
289 298
289 332
289 382
289 398
289 439
289 492
290 308
290 322
290 368
291 297
291 409
292 355
293 298
293 299
293 319
293 455
293 464
294 446
294 474
295 457
295 466
295 497
296 344
296 400
296 432
296 456
297 319
297 332
297 345
297 369
298 335
298 338
298 339
298 373
298 406
298 412
298 414
298 429
298 448
298 449
298 482
299 311
299 346
299 436
300 301
300 314
300 315
300 316
300 342
300 359
300 364
300 366
300 397
300 400
300 423
300 473
301 309
301 312
301 332
301 338
301 348
301 350
301 365
301 372
301 376
301 380
301 383
301 396
301 399
301 418
302 308
302 309
302 319
302 333
302 351
302 370
302 372
302 385
302 388
302 396
302 398
302 493
303 307
303 316
303 328
303 334
303 335
303 353
303 356
303 372
303 381
303 395
303 398
303 412
303 420
303 428
303 431
303 446
304 310
304 330
304 352
304 354
304 416
304 437
305 306
305 322
305 324
305 328
305 330
305 371
305 374
305 388
305 412
305 425
305 426
305 432
306 324
306 325
306 345
306 350
306 368
306 369
306 380
306 391
306 394
306 409
306 430
306 432
306 470
306 488
307 309
307 332
307 335
307 336
307 339
307 350
307 362
307 363
307 372
307 380
307 389
307 390
307 457
307 480
308 310
308 317
308 330
308 339
308 343
308 353
308 356
308 361
308 372
308 373
308 378
308 383
308 386
308 397
308 398
308 461
308 497
309 319
309 322
309 329
309 340
309 341
309 353
309 366
309 372
309 376
309 396
309 483
310 317
310 324
310 327
310 330
310 363
310 386
310 399
310 445
310 451
310 464
310 490
311 342
311 348
311 356
311 360
311 365
311 382
311 387
311 480
312 318
312 337
312 346
312 349
312 353
312 356
312 365
312 384
312 464
312 494
313 317
313 327
313 333
313 334
313 339
313 343
313 345
313 369
313 376
313 386
313 388
313 390
313 393
313 395
313 399
313 419
314 317
314 319
314 348
314 350
314 365
314 370
314 386
314 423
314 456
315 322
315 327
315 334
315 336
315 337
315 339
315 343
315 357
315 358
315 366
315 376
315 379
315 382
315 396
315 448
315 483
316 321
316 322
316 332
316 344
316 370
316 376
316 389
316 394
316 395
316 398
316 463
317 334
317 365
317 387
317 389
317 393
317 399
317 419
317 466
317 491
318 337
318 341
318 342
318 346
318 348
318 350
318 351
318 366
318 368
318 375
318 399
318 402
319 339
319 340
319 357
319 379
319 384
320 327
320 373
320 380
320 385
320 393
320 399
320 415
320 497
321 333
321 335
321 349
321 358
321 367
321 396
321 416
322 332
322 333
322 337
322 339
322 342
322 351
322 356
322 364
322 366
322 374
322 376
322 400
322 414
323 353
323 379
323 407
323 450
323 463
323 495
324 329
324 330
324 336
324 364
324 397
324 423
324 427
324 462
324 474
324 483
325 350
325 354
325 371
325 387
326 329
326 356
326 361
326 362
326 386
326 465
327 329
327 331
327 335
327 337
327 356
327 362
327 365
327 374
327 377
327 389
327 407
327 439
328 339
328 362
328 379
328 387
328 388
328 411
328 447
328 489
329 350
329 356
329 369
329 371
329 382
329 384
329 449
329 477
329 499
330 338
330 342
330 352
330 360
330 383
330 399
330 461
330 473
331 341
331 348
331 355
331 375
331 379
331 390
331 392
332 355
332 376
332 381
332 444
332 482
333 342
333 360
333 388
333 390
334 363
334 380
334 382
334 383
334 385
334 451
335 341
335 358
335 365
335 366
335 372
335 386
335 395
335 460
336 353
336 357
336 363
336 393
336 416
337 340
337 352
337 355
337 360
337 388
337 389
337 405
337 417
337 492
338 347
338 357
338 369
338 376
338 430
338 449
338 479
339 348
339 357
339 371
339 377
339 395
339 487
340 350
340 359
340 365
340 370
340 371
340 387
340 391
340 447
341 364
341 368
341 375
341 393
341 395
341 397
341 421
342 348
342 355
342 364
342 366
342 367
342 368
342 387
342 394
342 395
342 409
342 475
343 344
343 364
343 385
343 391
343 399
344 345
344 354
344 357
344 358
344 378
344 380
344 390
344 392
344 394
344 407
345 347
345 351
345 358
345 363
345 378
345 400
345 442
345 454
346 353
346 380
346 436
346 482
347 377
347 383
347 390
347 474
347 485
348 380
348 384
348 397
348 475
349 356
349 372
349 386
349 397
349 417
349 449
349 498
350 364
350 371
350 375
350 381
350 384
350 387
350 391
350 398
350 408
350 475
350 486
351 373
351 379
351 381
351 405
351 456
352 364
352 397
352 442
352 450
353 361
353 371
353 373
353 389
353 471
353 477
353 485
354 372
354 384
354 388
354 392
354 394
355 361
355 363
355 371
355 383
355 391
355 395
355 417
356 381
356 382
356 396
356 425
357 384
357 387
357 435
357 451
357 478
357 492
358 362
358 372
358 434
358 441
359 360
359 379
359 380
359 393
359 485
360 364
360 382
360 392
360 406
361 364
361 370
361 399
361 401
361 444
361 472
361 488
362 368
362 378
362 385
362 425
362 432
362 445
362 459
362 498
363 368
363 377
363 397
363 430
363 471
364 371
364 382
364 389
364 412
364 451
364 463
364 474
365 385
365 457
366 372
366 396
366 398
366 449
366 468
366 485
366 498
367 382
367 383
367 386
367 387
367 390
367 437
367 448
367 481
368 373
368 381
368 386
368 431
368 454
369 372
369 383
369 391
369 399
369 427
369 470
369 498
370 376
370 387
370 396
370 398
370 479
371 378
371 382
371 384
371 386
371 387
371 418
371 475
372 385
372 389
372 397
372 451
372 454
373 377
373 396
373 439
373 457
373 460
373 491
374 384
374 388
374 393
374 396
374 407
374 437
374 495
375 384
375 386
375 401
375 417
375 442
375 484
376 384
376 388
376 399
376 429
376 430
376 461
377 379
377 391
377 393
377 400
377 415
378 386
378 398
378 474
379 399
379 407
379 409
380 385
380 388
380 395
380 460
381 383
381 387
381 389
381 396
381 397
381 403
381 430
381 432
381 456
382 383
382 388
382 396
382 405
382 445
382 460
382 488
382 490
383 384
383 389
383 394
383 396
383 417
383 440
383 444
384 396
384 403
384 411
384 416
384 435
385 420
385 438
386 458
386 488
387 414
387 420
387 426
387 433
388 467
389 442
389 479
390 413
390 425
390 439
391 429
391 454
391 469
392 399
394 397
394 452
394 453
394 475
395 397
396 398
396 410
396 427
396 449
398 457
398 477
399 425
399 476
399 484
400 405
400 419
400 428
400 433
400 447
400 449
400 450
400 492
401 415
401 455
401 495
402 409
402 427
402 436
402 457
402 458
402 475
402 495
403 416
403 422
403 427
403 440
403 446
403 483
404 412
404 416
404 427
404 432
404 448
404 455
404 493
405 407
405 408
405 416
405 437
405 445
405 455
406 412
406 437
406 447
406 480
407 440
407 443
407 451
408 413
408 416
408 428
408 444
408 451
408 453
409 415
409 416
409 418
409 421
409 432
409 451
409 453
409 455
409 457
410 417
410 418
410 427
410 443
410 445
410 459
410 489
411 412
411 432
411 439
411 447
411 448
411 449
411 456
412 416
412 420
412 436
412 446
412 448
413 418
413 424
413 425
413 431
414 428
414 440
414 446
415 433
415 442
415 451
415 452
415 481
415 497
416 427
416 431
416 440
416 445
416 455
416 457
416 473
417 425
417 428
417 433
417 448
417 449
417 455
417 480
418 422
418 423
418 438
418 450
418 459
419 428
419 434
419 454
420 434
420 442
420 458
420 480
420 498
421 422
421 446
421 464
421 498
422 439
422 444
422 454
422 465
422 488
422 492
423 433
423 434
423 447
424 434
424 448
425 434
425 440
425 465
426 429
426 440
426 448
426 476
426 487
427 431
427 449
427 456
427 464
427 474
427 479
428 434
428 438
428 441
428 455
429 430
429 433
429 434
429 437
429 438
430 436
430 438
430 457
430 466
430 490
432 455
432 483
433 434
433 451
434 453
434 455
434 460
434 462
435 450
435 456
435 473
435 489
436 438
436 454
436 488
437 450
437 455
437 470
438 442
438 445
438 448
438 451
438 492
438 493
439 442
439 445
439 446
439 448
439 452
439 465
440 447
440 448
440 453
440 459
442 443
442 459
443 452
443 454
443 456
443 463
443 487
444 451
444 481
445 455
445 459
445 462
445 475
446 451
446 454
446 457
446 481
446 489
447 449
447 453
447 481
447 498
448 451
448 474
448 493
448 499
449 455
449 457
449 477
451 474
452 453
453 492
454 495
455 495
456 458
456 487
456 488
456 491
457 480
459 466
460 461
460 488
460 490
461 470
462 468
462 477
462 490
463 472
464 484
464 486
464 496
465 467
465 475
465 478
465 479
465 481
465 485
465 490
466 474
466 481
466 491
466 496
467 469
467 473
467 486
467 489
467 497
468 481
469 486
469 494
470 471
470 488
470 495
471 496
471 499
472 480
472 484
473 486
473 489
473 494
474 476
474 477
474 487
474 489
474 490
475 480
475 487
475 488
475 498
477 482
477 486
477 487
477 497
479 480
479 485
481 488
481 490
481 491
481 497
482 483
482 486
483 486
483 491
484 490
485 488
485 492
486 494
487 493
489 492
494 496
