500 8946
0 6
0 7
0 22
0 26
0 38
0 66
0 69
0 76
0 78
0 86
0 88
0 93
0 245
0 409
1 16
1 19
1 22
1 29
1 30
1 44
1 87
1 170
1 191
1 206
1 388
1 441
2 5
2 9
2 16
2 39
2 42
2 49
2 50
2 53
2 56
2 70
2 88
2 300
3 12
3 15
3 16
3 17
3 20
3 29
3 36
3 50
3 64
3 85
3 176
3 215
3 274
3 359
3 442
4 30
4 31
4 37
4 52
4 89
4 98
4 121
4 219
4 345
4 352
5 17
5 36
5 51
5 59
5 69
5 72
5 92
5 93
5 217
5 270
5 443
6 20
6 30
6 34
6 35
6 39
6 42
6 45
6 51
6 63
6 67
6 68
6 69
6 71
6 72
6 81
6 85
6 144
6 458
7 21
7 25
7 36
7 42
7 45
7 49
7 61
7 64
7 68
7 87
7 90
7 252
7 302
8 10
8 32
8 37
8 48
8 70
8 75
8 82
8 84
8 87
8 89
8 95
8 245
8 333
8 382
8 438
9 20
9 50
9 79
9 82
9 88
9 91
9 96
9 265
9 351
9 463
9 485
10 17
10 23
10 36
10 47
10 67
10 72
10 79
10 100
10 153
10 178
10 266
10 269
10 303
10 315
10 495
11 24
11 28
11 52
11 55
11 74
11 75
11 77
11 87
11 90
11 94
11 95
11 132
11 172
11 209
11 221
11 369
12 19
12 21
12 25
12 46
12 59
12 64
12 88
12 181
12 239
12 389
12 393
12 403
12 476
12 498
13 32
13 43
13 63
13 74
13 93
13 147
13 157
13 217
13 375
13 376
14 31
14 41
14 60
14 61
14 69
14 73
14 90
14 96
14 97
14 108
14 325
14 350
14 393
14 408
15 25
15 28
15 44
15 46
15 50
15 58
15 60
15 63
15 69
15 73
15 74
15 83
15 96
15 159
15 167
15 186
15 231
16 19
16 27
16 73
16 79
16 98
16 245
16 272
16 371
17 26
17 44
17 70
17 84
17 90
17 170
17 282
17 288
17 403
17 480
17 491
18 20
18 22
18 23
18 27
18 30
18 39
18 67
18 93
18 125
18 224
18 334
18 394
18 456
18 489
19 22
19 32
19 35
19 45
19 50
19 51
19 53
19 59
19 72
19 84
19 91
19 133
19 303
19 317
19 340
19 409
20 30
20 86
20 201
20 280
20 295
20 425
21 27
21 29
21 32
21 41
21 43
21 59
21 75
21 82
21 91
21 96
21 99
21 139
21 176
21 206
21 225
21 318
21 349
21 496
22 33
22 34
22 56
22 58
22 71
22 74
22 76
22 395
22 432
23 43
23 60
23 65
23 80
23 83
23 91
23 176
23 190
23 302
23 410
23 427
24 40
24 43
24 46
24 48
24 57
24 58
24 384
24 388
24 499
25 35
25 38
25 41
25 84
25 92
25 98
25 99
25 419
26 28
26 37
26 47
26 69
26 76
26 80
26 88
26 90
26 128
26 336
26 474
27 28
27 38
27 54
27 93
27 143
27 201
27 367
27 368
28 31
28 35
28 43
28 74
28 75
28 91
28 93
28 98
28 161
28 384
29 33
29 35
29 40
29 63
29 64
29 89
29 92
29 93
29 115
30 44
30 47
30 66
30 81
30 82
30 89
31 40
31 45
31 49
31 63
31 273
31 286
31 472
32 35
32 36
32 37
32 41
32 52
32 53
32 66
32 483
33 43
33 66
33 77
33 131
33 239
33 451
34 47
34 52
34 81
34 93
34 127
34 296
35 42
35 45
35 58
35 64
35 73
35 75
35 150
35 218
35 361
35 467
36 37
36 38
36 44
36 55
36 80
36 91
36 92
36 96
36 138
36 139
36 189
36 246
36 366
36 444
37 42
37 48
37 57
37 176
37 193
37 201
37 219
37 308
37 341
37 463
37 487
37 493
38 39
38 40
38 49
38 52
38 61
38 68
38 80
38 90
38 93
38 94
38 268
39 68
39 73
39 75
39 114
39 115
39 171
39 196
39 213
39 235
39 461
40 42
40 46
40 60
40 61
40 66
40 74
40 78
40 88
40 95
40 96
40 199
40 299
40 313
40 345
40 497
41 68
41 83
41 87
41 90
41 294
41 317
41 331
42 46
42 54
42 66
42 89
42 309
42 420
43 44
43 45
43 52
43 59
43 61
43 63
43 92
43 97
43 239
43 323
44 53
44 54
44 76
44 79
44 89
44 98
44 330
44 425
45 51
45 63
45 67
45 82
45 83
45 87
45 202
45 489
45 493
46 51
46 69
46 84
46 85
46 88
46 91
46 98
46 281
46 289
46 321
46 427
47 71
47 72
47 92
47 98
47 125
47 224
47 353
47 409
48 50
48 52
48 53
48 66
48 82
48 84
48 85
48 94
48 210
48 263
48 334
49 52
49 57
49 64
49 91
49 92
49 93
49 98
49 99
49 101
49 106
49 230
49 277
49 310
49 341
49 396
49 474
50 51
50 64
50 73
50 90
50 160
50 191
50 467
51 53
51 61
51 83
51 84
51 93
51 95
51 125
51 143
51 222
51 295
51 332
51 357
51 469
52 54
52 66
52 67
52 79
52 80
52 120
52 141
52 190
52 346
52 347
52 454
52 497
53 69
53 73
53 89
53 389
53 428
53 487
53 497
54 62
54 68
54 69
54 76
54 78
54 90
54 94
54 97
54 243
55 73
55 82
55 84
55 225
55 336
55 421
55 459
56 58
56 68
56 76
56 83
56 91
56 93
56 176
56 202
56 218
57 75
57 89
57 93
57 95
57 160
57 162
57 434
58 89
58 94
58 98
58 169
58 418
58 441
58 446
59 66
59 90
59 91
59 95
59 177
59 234
59 238
59 264
59 399
59 476
59 485
59 499
60 62
60 68
60 69
60 99
60 172
60 227
60 491
61 77
61 90
61 98
61 184
61 206
62 64
62 69
62 71
62 79
62 128
62 290
62 347
63 76
63 92
63 94
63 344
64 88
64 97
64 115
64 144
64 312
64 382
64 389
64 453
64 491
65 87
65 95
65 96
65 362
65 426
65 490
66 68
66 69
66 71
66 82
66 93
66 163
66 237
67 85
67 107
67 156
67 261
67 297
67 433
67 443
68 69
68 91
68 93
68 98
68 120
68 139
68 204
68 330
68 413
69 74
69 87
69 140
69 204
69 305
69 437
69 438
69 442
70 73
70 81
70 95
70 109
70 166
70 186
70 232
70 320
70 389
70 412
71 77
71 78
71 87
71 285
71 374
72 74
72 76
72 85
72 86
72 96
72 98
72 222
72 280
73 85
73 95
73 241
73 323
74 80
74 98
74 99
74 125
74 233
74 236
74 381
74 480
75 99
75 102
75 259
75 407
75 494
76 90
76 143
76 301
76 437
77 93
77 314
77 445
78 80
78 84
78 97
78 139
78 191
78 313
78 377
78 402
79 84
79 95
79 129
79 162
79 190
79 198
79 228
79 273
79 318
79 414
79 426
80 85
80 91
80 192
80 294
81 86
81 98
81 101
81 169
81 180
81 224
82 87
82 89
82 97
82 235
82 248
83 90
83 92
83 136
83 299
83 373
84 86
84 97
84 99
84 352
84 376
84 414
84 418
84 462
85 147
85 294
85 409
85 456
85 475
86 95
86 242
86 306
86 349
86 495
87 130
87 257
87 363
88 93
88 94
88 96
88 121
88 127
88 448
89 166
89 215
89 283
89 433
90 101
90 176
90 237
90 318
90 497
91 94
91 133
91 244
91 266
91 375
91 390
92 129
92 173
92 176
92 296
92 318
92 378
93 98
94 139
94 192
94 290
95 98
95 156
95 178
95 214
95 221
95 423
96 124
96 180
96 286
96 493
97 193
97 277
97 348
97 430
98 117
98 186
98 224
98 363
98 436
98 453
98 478
99 103
99 111
99 183
99 201
99 225
99 328
99 355
99 428
99 485
100 124
100 133
100 138
100 148
100 159
100 171
100 218
100 233
100 235
100 241
100 253
100 262
100 264
100 268
100 279
100 289
100 290
100 310
100 312
100 327
100 333
100 335
100 347
100 349
100 352
100 360
100 371
100 380
100 386
100 388
100 399
100 401
100 417
100 428
100 435
100 438
100 456
100 461
100 463
100 465
100 469
100 472
100 475
100 492
101 111
101 118
101 147
101 169
101 173
101 207
101 244
101 271
101 273
101 286
101 289
101 295
101 298
101 305
101 340
101 347
101 360
101 368
101 374
101 384
101 385
101 389
101 391
101 395
101 403
101 411
101 424
101 428
101 438
101 439
101 440
101 464
101 465
101 467
101 475
101 499
102 114
102 120
102 145
102 147
102 148
102 156
102 167
102 181
102 183
102 188
102 203
102 205
102 207
102 208
102 211
102 218
102 247
102 253
102 259
102 266
102 292
102 300
102 308
102 314
102 327
102 332
102 364
102 373
102 378
102 381
102 403
102 418
102 426
102 431
102 451
102 455
102 460
102 467
102 474
102 478
102 481
103 113
103 114
103 119
103 125
103 128
103 131
103 147
103 155
103 167
103 179
103 182
103 190
103 192
103 197
103 210
103 222
103 229
103 237
103 248
103 253
103 254
103 260
103 261
103 262
103 269
103 270
103 282
103 287
103 288
103 289
103 302
103 308
103 326
103 337
103 350
103 371
103 389
103 395
103 398
103 401
103 420
103 428
103 449
103 455
103 460
103 463
103 471
103 478
103 483
104 111
104 124
104 149
104 158
104 170
104 181
104 201
104 220
104 223
104 244
104 245
104 246
104 249
104 272
104 290
104 291
104 309
104 335
104 351
104 375
104 394
104 395
104 403
104 409
104 419
104 435
104 436
104 437
104 452
104 463
104 471
105 109
105 116
105 118
105 129
105 138
105 148
105 158
105 171
105 180
105 192
105 199
105 200
105 205
105 212
105 239
105 257
105 268
105 275
105 278
105 293
105 304
105 324
105 327
105 342
105 345
105 348
105 356
105 357
105 366
105 368
105 370
105 375
105 377
105 395
105 408
105 410
105 413
105 421
105 436
105 463
105 494
106 109
106 122
106 132
106 133
106 145
106 192
106 193
106 232
106 246
106 252
106 276
106 281
106 283
106 288
106 291
106 305
106 323
106 326
106 335
106 349
106 356
106 358
106 372
106 377
106 389
106 402
106 409
106 414
106 418
106 446
106 448
106 449
106 454
106 462
106 468
106 475
106 476
106 489
107 114
107 123
107 227
107 237
107 242
107 244
107 259
107 275
107 276
107 285
107 323
107 329
107 361
107 365
107 377
107 383
107 388
107 405
107 414
107 416
107 418
107 432
107 441
107 461
107 462
107 471
107 477
107 484
108 117
108 122
108 133
108 141
108 143
108 144
108 153
108 159
108 165
108 167
108 187
108 191
108 201
108 241
108 244
108 248
108 266
108 270
108 277
108 290
108 307
108 312
108 340
108 373
108 381
108 389
108 390
108 399
108 400
108 420
108 425
108 434
108 440
108 468
108 475
108 479
108 484
109 112
109 122
109 144
109 156
109 174
109 192
109 193
109 200
109 208
109 209
109 221
109 226
109 233
109 254
109 257
109 264
109 265
109 279
109 288
109 308
109 336
109 343
109 356
109 362
109 385
109 402
109 407
109 417
109 448
109 461
109 468
109 472
109 474
109 489
109 493
110 111
110 113
110 126
110 137
110 138
110 147
110 165
110 175
110 183
110 199
110 201
110 204
110 207
110 211
110 234
110 236
110 238
110 239
110 243
110 264
110 279
110 282
110 286
110 327
110 334
110 336
110 344
110 347
110 355
110 360
110 385
110 393
110 401
110 405
110 447
110 448
110 459
110 470
110 477
111 121
111 125
111 132
111 133
111 137
111 148
111 153
111 158
111 166
111 179
111 187
111 188
111 189
111 212
111 217
111 232
111 239
111 241
111 250
111 267
111 273
111 274
111 281
111 295
111 307
111 315
111 326
111 346
111 367
111 371
111 388
111 392
111 397
111 401
111 427
111 429
111 431
111 433
111 438
111 470
111 478
111 489
111 490
111 497
112 115
112 116
112 119
112 120
112 122
112 135
112 139
112 144
112 147
112 165
112 168
112 172
112 181
112 185
112 202
112 241
112 264
112 268
112 276
112 298
112 306
112 317
112 325
112 341
112 344
112 349
112 353
112 355
112 358
112 363
112 369
112 386
112 408
112 415
112 420
112 421
112 431
112 434
112 442
112 464
112 479
112 484
112 495
113 115
113 126
113 131
113 143
113 145
113 159
113 197
113 201
113 241
113 243
113 246
113 250
113 264
113 268
113 272
113 284
113 298
113 311
113 316
113 342
113 369
113 370
113 371
113 386
113 392
113 400
113 417
113 422
113 423
113 433
113 435
113 440
113 443
113 464
113 472
113 473
113 482
113 485
113 490
114 130
114 132
114 145
114 168
114 181
114 182
114 189
114 190
114 198
114 200
114 201
114 205
114 222
114 228
114 229
114 237
114 245
114 253
114 257
114 269
114 273
114 275
114 278
114 279
114 305
114 340
114 344
114 345
114 359
114 375
114 379
114 391
114 394
114 395
114 403
114 431
114 436
114 458
114 469
114 479
114 497
115 156
115 185
115 186
115 189
115 201
115 222
115 236
115 252
115 264
115 275
115 305
115 319
115 320
115 331
115 346
115 354
115 361
115 365
115 388
115 395
115 398
115 401
115 408
115 430
115 432
115 434
115 436
115 450
115 454
115 467
115 470
115 482
115 488
115 491
115 492
116 123
116 125
116 127
116 179
116 182
116 197
116 203
116 204
116 231
116 240
116 242
116 252
116 254
116 276
116 288
116 306
116 314
116 316
116 318
116 341
116 343
116 347
116 354
116 355
116 380
116 386
116 453
116 455
116 464
116 471
116 480
116 484
116 494
117 140
117 151
117 154
117 156
117 164
117 170
117 178
117 186
117 192
117 205
117 217
117 227
117 248
117 254
117 265
117 298
117 303
117 320
117 323
117 329
117 332
117 359
117 362
117 370
117 377
117 379
117 389
117 452
117 464
117 473
118 128
118 132
118 138
118 141
118 142
118 145
118 148
118 152
118 153
118 168
118 193
118 206
118 209
118 227
118 233
118 245
118 247
118 250
118 259
118 260
118 264
118 281
118 313
118 329
118 334
118 365
118 371
118 375
118 380
118 389
118 397
118 428
118 430
118 431
118 435
118 442
118 447
118 458
118 462
118 480
118 484
118 494
119 132
119 156
119 159
119 217
119 219
119 220
119 235
119 247
119 248
119 251
119 253
119 257
119 258
119 273
119 278
119 283
119 286
119 291
119 297
119 301
119 313
119 329
119 349
119 357
119 370
119 372
119 383
119 387
119 388
119 389
119 392
119 393
119 410
119 411
119 429
119 459
119 465
119 473
119 474
119 476
119 489
119 493
120 126
120 130
120 132
120 147
120 150
120 160
120 163
120 173
120 181
120 205
120 206
120 219
120 229
120 234
120 252
120 258
120 269
120 271
120 279
120 289
120 296
120 299
120 302
120 306
120 318
120 355
120 356
120 370
120 378
120 384
120 387
120 391
120 394
120 411
120 416
120 423
120 450
120 454
120 469
120 478
120 480
120 487
121 132
121 138
121 163
121 166
121 193
121 195
121 197
121 198
121 204
121 210
121 216
121 243
121 245
121 246
121 252
121 275
121 277
121 286
121 289
121 299
121 306
121 307
121 318
121 320
121 325
121 357
121 368
121 375
121 384
121 397
121 417
121 418
121 424
121 425
121 436
121 438
121 442
121 448
121 453
121 460
121 467
121 483
121 493
122 124
122 133
122 134
122 183
122 192
122 196
122 197
122 200
122 209
122 213
122 237
122 238
122 245
122 262
122 266
122 282
122 292
122 310
122 311
122 328
122 334
122 345
122 349
122 357
122 386
122 400
122 402
122 413
122 423
122 426
122 439
122 446
122 450
122 463
122 468
122 483
122 491
122 494
123 132
123 139
123 148
123 153
123 171
123 175
123 177
123 182
123 195
123 226
123 246
123 275
123 277
123 286
123 292
123 311
123 320
123 325
123 326
123 380
123 403
123 404
123 418
123 436
123 445
123 468
124 139
124 171
124 187
124 196
124 208
124 210
124 211
124 226
124 252
124 265
124 272
124 298
124 300
124 312
124 321
124 330
124 335
124 353
124 355
124 359
124 366
124 368
124 374
124 376
124 405
124 406
124 418
124 426
124 442
124 443
124 461
124 469
124 489
124 492
124 495
125 145
125 157
125 192
125 193
125 194
125 200
125 208
125 211
125 217
125 248
125 261
125 283
125 303
125 307
125 330
125 338
125 353
125 382
125 399
125 403
125 416
125 444
125 447
125 455
125 456
125 470
125 473
125 482
125 489
125 499
126 163
126 167
126 169
126 175
126 189
126 206
126 207
126 222
126 225
126 228
126 241
126 276
126 281
126 282
126 284
126 303
126 324
126 325
126 327
126 329
126 339
126 341
126 343
126 350
126 366
126 377
126 398
126 440
126 445
126 453
126 454
126 456
126 461
126 465
126 475
126 476
126 486
126 490
127 133
127 136
127 144
127 149
127 152
127 161
127 177
127 186
127 196
127 197
127 202
127 215
127 223
127 229
127 233
127 269
127 290
127 301
127 305
127 339
127 347
127 364
127 369
127 414
127 418
127 420
127 426
127 428
127 429
127 435
127 436
127 470
127 472
127 483
127 485
128 142
128 146
128 148
128 150
128 152
128 161
128 164
128 168
128 186
128 207
128 223
128 252
128 273
128 288
128 295
128 300
128 321
128 324
128 326
128 329
128 332
128 351
128 353
128 369
128 380
128 390
128 400
128 414
128 422
128 428
128 438
128 440
128 441
128 449
128 455
128 458
128 478
129 131
129 135
129 139
129 146
129 160
129 163
129 175
129 177
129 179
129 182
129 186
129 210
129 211
129 214
129 226
129 245
129 283
129 288
129 292
129 305
129 326
129 333
129 337
129 340
129 360
129 363
129 374
129 384
129 390
129 396
129 402
129 416
129 417
129 432
129 435
129 438
129 449
129 460
129 483
129 486
129 489
130 131
130 133
130 138
130 173
130 174
130 186
130 187
130 188
130 196
130 204
130 210
130 214
130 219
130 237
130 238
130 259
130 273
130 280
130 282
130 305
130 328
130 332
130 348
130 355
130 358
130 365
130 369
130 376
130 393
130 403
130 411
130 419
130 422
130 425
130 432
130 438
130 445
130 456
130 459
130 464
130 482
130 489
131 135
131 151
131 155
131 173
131 182
131 191
131 198
131 210
131 215
131 240
131 248
131 249
131 250
131 251
131 253
131 262
131 263
131 272
131 325
131 336
131 356
131 360
131 361
131 365
131 377
131 378
131 382
131 397
131 406
131 448
132 144
132 146
132 149
132 157
132 166
132 167
132 173
132 178
132 196
132 221
132 254
132 262
132 275
132 276
132 277
132 288
132 303
132 316
132 323
132 325
132 351
132 373
132 377
132 378
132 382
132 394
132 398
132 412
132 426
132 429
132 433
132 456
132 471
132 493
132 499
133 153
133 154
133 175
133 178
133 183
133 198
133 207
133 212
133 223
133 225
133 253
133 264
133 287
133 307
133 313
133 314
133 319
133 323
133 328
133 337
133 338
133 351
133 371
133 376
133 378
133 387
133 390
133 394
133 414
133 418
133 423
133 429
133 438
133 440
133 447
133 448
133 473
133 488
133 497
134 159
134 177
134 182
134 184
134 191
134 198
134 215
134 245
134 252
134 261
134 269
134 270
134 272
134 274
134 276
134 278
134 281
134 285
134 289
134 299
134 309
134 325
134 338
134 342
134 346
134 375
134 386
134 389
134 398
134 405
134 413
134 436
134 438
134 468
134 482
134 488
135 137
135 164
135 168
135 172
135 187
135 198
135 200
135 203
135 212
135 213
135 221
135 227
135 228
135 232
135 233
135 246
135 248
135 259
135 262
135 273
135 281
135 286
135 287
135 288
135 289
135 302
135 320
135 334
135 350
135 400
135 403
135 412
135 414
135 420
135 428
135 436
135 441
135 463
135 471
135 476
135 482
135 491
135 492
135 496
136 149
136 150
136 159
136 163
136 169
136 188
136 200
136 217
136 221
136 225
136 232
136 253
136 255
136 263
136 293
136 301
136 304
136 316
136 331
136 341
136 351
136 353
136 354
136 361
136 375
136 380
136 415
136 418
136 437
136 442
136 456
136 475
136 476
136 479
136 481
136 493
136 497
136 498
137 142
137 150
137 153
137 158
137 159
137 160
137 169
137 171
137 177
137 185
137 191
137 194
137 206
137 208
137 221
137 234
137 236
137 251
137 252
137 256
137 262
137 290
137 291
137 293
137 296
137 309
137 323
137 329
137 334
137 339
137 342
137 343
137 345
137 381
137 388
137 394
137 399
137 406
137 407
137 408
137 411
137 429
137 433
137 444
137 449
137 462
137 474
137 487
138 146
138 152
138 155
138 171
138 181
138 205
138 225
138 254
138 258
138 264
138 265
138 273
138 277
138 278
138 284
138 288
138 294
138 297
138 301
138 318
138 332
138 336
138 345
138 349
138 371
138 388
138 394
138 412
138 414
138 431
138 453
138 456
138 469
138 481
138 491
139 153
139 165
139 188
139 189
139 196
139 200
139 214
139 215
139 221
139 226
139 276
139 286
139 305
139 318
139 346
139 351
139 352
139 359
139 387
139 389
139 392
139 395
139 425
139 427
139 428
139 445
139 450
139 451
139 454
139 463
139 464
139 468
139 490
139 498
140 141
140 155
140 163
140 174
140 176
140 185
140 198
140 221
140 241
140 249
140 271
140 282
140 283
140 284
140 296
140 301
140 306
140 314
140 318
140 325
140 327
140 346
140 347
140 352
140 372
140 373
140 405
140 425
140 436
140 444
140 451
140 460
140 461
140 466
140 469
140 480
140 484
140 494
141 158
141 171
141 183
141 185
141 186
141 203
141 230
141 235
141 245
141 250
141 277
141 283
141 286
141 288
141 299
141 312
141 334
141 355
141 357
141 359
141 364
141 370
141 371
141 375
141 414
141 423
141 448
141 454
141 461
141 462
141 475
141 476
141 487
141 488
141 493
142 151
142 169
142 176
142 190
142 205
142 208
142 214
142 216
142 225
142 229
142 230
142 236
142 279
142 284
142 288
142 295
142 300
142 324
142 330
142 367
142 379
142 386
142 388
142 401
142 406
142 409
142 434
142 437
142 458
142 462
142 465
142 482
142 487
143 144
143 146
143 157
143 163
143 164
143 170
143 185
143 198
143 207
143 208
143 214
143 221
143 224
143 225
143 243
143 244
143 256
143 257
143 263
143 282
143 294
143 301
143 309
143 314
143 322
143 330
143 341
143 355
143 364
143 379
143 391
143 400
143 407
143 414
143 427
143 429
143 439
143 442
143 444
143 456
143 459
143 463
143 473
143 475
143 490
143 495
144 158
144 171
144 176
144 178
144 182
144 183
144 199
144 205
144 206
144 221
144 223
144 233
144 250
144 270
144 275
144 292
144 297
144 309
144 312
144 323
144 335
144 346
144 347
144 350
144 379
144 382
144 393
144 413
144 436
144 447
144 448
144 450
144 455
144 472
145 148
145 153
145 198
145 213
145 221
145 248
145 260
145 270
145 276
145 279
145 301
145 305
145 313
145 323
145 343
145 349
145 352
145 370
145 388
145 416
145 431
145 464
145 465
145 473
145 489
146 151
146 155
146 165
146 167
146 178
146 180
146 211
146 215
146 217
146 221
146 225
146 237
146 240
146 243
146 248
146 251
146 252
146 260
146 265
146 269
146 283
146 289
146 291
146 300
146 302
146 339
146 346
146 369
146 374
146 379
146 383
146 388
146 392
146 399
146 406
146 409
146 419
146 436
146 438
146 466
146 474
146 480
146 487
147 153
147 185
147 202
147 205
147 210
147 236
147 249
147 254
147 255
147 274
147 278
147 306
147 319
147 322
147 351
147 353
147 355
147 357
147 362
147 380
147 392
147 439
147 440
147 450
147 452
147 457
147 463
147 464
147 472
147 480
147 499
148 166
148 171
148 174
148 176
148 181
148 193
148 205
148 215
148 244
148 270
148 271
148 273
148 283
148 303
148 311
148 325
148 340
148 369
148 374
148 392
148 399
148 401
148 402
148 412
148 414
148 418
148 426
148 435
148 451
148 466
148 472
148 474
148 495
148 496
149 154
149 164
149 183
149 186
149 189
149 208
149 218
149 227
149 228
149 229
149 243
149 256
149 270
149 276
149 293
149 300
149 322
149 323
149 325
149 333
149 335
149 337
149 351
149 363
149 390
149 400
149 419
149 427
149 433
149 439
149 440
149 488
149 492
149 495
150 152
150 159
150 161
150 164
150 168
150 169
150 175
150 187
150 205
150 213
150 221
150 223
150 224
150 233
150 238
150 248
150 263
150 299
150 309
150 334
150 337
150 346
150 347
150 361
150 369
150 371
150 397
150 401
150 408
150 412
150 420
150 455
150 465
150 467
150 468
150 475
150 476
150 484
151 157
151 168
151 183
151 191
151 217
151 228
151 251
151 257
151 271
151 284
151 285
151 301
151 318
151 329
151 331
151 334
151 341
151 353
151 354
151 355
151 358
151 371
151 381
151 404
151 420
151 430
151 446
151 457
151 462
151 463
151 465
151 474
151 479
151 493
152 163
152 174
152 177
152 182
152 205
152 236
152 241
152 244
152 246
152 254
152 289
152 291
152 296
152 299
152 320
152 322
152 324
152 338
152 349
152 368
152 383
152 403
152 429
152 435
152 436
152 453
152 455
152 465
152 474
152 479
152 480
152 488
152 489
153 157
153 158
153 162
153 190
153 192
153 198
153 202
153 228
153 234
153 237
153 239
153 262
153 274
153 276
153 289
153 294
153 329
153 341
153 345
153 362
153 364
153 371
153 381
153 395
153 400
153 401
153 406
153 412
153 436
153 438
153 446
153 462
153 470
153 479
153 485
153 496
154 160
154 172
154 199
154 200
154 205
154 208
154 217
154 224
154 231
154 249
154 251
154 252
154 280
154 282
154 345
154 346
154 353
154 356
154 362
154 367
154 372
154 383
154 393
154 401
154 404
154 426
154 428
154 448
154 452
154 456
154 460
154 470
154 472
154 482
154 486
154 491
154 492
154 496
155 170
155 171
155 194
155 196
155 210
155 213
155 224
155 225
155 228
155 232
155 246
155 249
155 257
155 259
155 262
155 284
155 295
155 301
155 305
155 306
155 330
155 346
155 363
155 371
155 386
155 417
155 432
155 449
155 468
155 472
155 479
155 490
155 491
156 170
156 172
156 175
156 180
156 197
156 200
156 238
156 260
156 272
156 307
156 322
156 323
156 324
156 331
156 337
156 342
156 350
156 359
156 360
156 366
156 385
156 399
156 406
156 412
156 441
156 460
156 461
156 481
156 484
157 158
157 170
157 212
157 222
157 223
157 225
157 248
157 268
157 271
157 272
157 275
157 282
157 287
157 290
157 297
157 303
157 311
157 316
157 321
157 345
157 352
157 364
157 365
157 421
157 443
157 452
157 473
157 492
158 159
158 163
158 190
158 192
158 197
158 224
158 234
158 236
158 237
158 239
158 246
158 270
158 289
158 303
158 307
158 310
158 329
158 335
158 372
158 379
158 383
158 394
158 406
158 431
158 435
158 478
158 482
159 162
159 167
159 178
159 187
159 188
159 191
159 199
159 201
159 204
159 212
159 215
159 222
159 246
159 264
159 298
159 311
159 328
159 333
159 334
159 336
159 341
159 355
159 356
159 360
159 365
159 383
159 391
159 400
159 405
159 406
159 407
159 427
159 436
159 450
159 464
160 172
160 184
160 190
160 192
160 200
160 212
160 213
160 216
160 222
160 225
160 236
160 243
160 255
160 267
160 295
160 296
160 299
160 310
160 311
160 333
160 346
160 348
160 354
160 370
160 376
160 385
160 409
160 425
160 435
160 443
160 446
160 453
160 469
160 482
160 485
160 493
160 494
160 495
161 171
161 175
161 179
161 180
161 181
161 189
161 198
161 212
161 231
161 242
161 244
161 267
161 273
161 283
161 291
161 299
161 300
161 323
161 325
161 330
161 369
161 371
161 400
161 407
161 428
161 430
161 453
162 185
162 195
162 212
162 222
162 232
162 233
162 239
162 252
162 253
162 259
162 260
162 263
162 272
162 276
162 295
162 308
162 321
162 323
162 335
162 355
162 374
162 389
162 395
162 403
162 404
162 410
162 423
162 428
162 433
162 443
162 467
162 470
162 475
162 476
162 487
163 175
163 183
163 194
163 200
163 223
163 228
163 239
163 248
163 251
163 256
163 259
163 269
163 280
163 291
163 302
163 324
163 327
163 347
163 373
163 376
163 378
163 380
163 394
163 395
163 398
163 419
163 424
163 425
163 438
163 439
163 441
163 451
163 461
163 466
163 475
163 477
163 494
164 169
164 188
164 190
164 211
164 216
164 223
164 226
164 243
164 246
164 256
164 260
164 261
164 269
164 302
164 314
164 324
164 326
164 333
164 337
164 349
164 358
164 360
164 362
164 371
164 389
164 424
164 450
164 455
164 490
164 495
164 498
165 171
165 176
165 181
165 198
165 253
165 264
165 266
165 269
165 272
165 304
165 313
165 319
165 323
165 337
165 348
165 355
165 365
165 371
165 374
165 379
165 381
165 383
165 386
165 390
165 391
165 422
165 428
165 443
165 452
165 461
165 467
165 475
165 489
165 494
165 497
166 176
166 193
166 202
166 206
166 208
166 213
166 218
166 229
166 236
166 240
166 256
166 258
166 263
166 266
166 267
166 275
166 297
166 309
166 310
166 323
166 344
166 361
166 368
166 371
166 379
166 380
166 395
166 401
166 415
166 425
166 427
166 428
166 437
166 455
166 459
166 462
166 466
166 468
166 477
166 490
167 176
167 202
167 209
167 218
167 226
167 239
167 248
167 251
167 257
167 259
167 291
167 305
167 330
167 341
167 359
167 372
167 382
167 414
167 423
167 439
167 442
167 450
167 454
167 466
167 468
167 470
167 476
167 497
167 498
168 182
168 194
168 200
168 204
168 213
168 249
168 257
168 259
168 271
168 273
168 279
168 281
168 283
168 308
168 317
168 338
168 339
168 343
168 350
168 360
168 367
168 373
168 374
168 378
168 390
168 392
168 399
168 425
168 431
168 439
168 441
168 451
168 454
168 469
168 473
168 475
168 476
168 477
168 492
169 170
169 180
169 213
169 216
169 244
169 252
169 253
169 263
169 267
169 268
169 276
169 278
169 295
169 314
169 334
169 342
169 345
169 352
169 362
169 374
169 380
169 382
169 422
169 431
169 459
169 474
170 180
170 190
170 207
170 208
170 212
170 246
170 274
170 292
170 299
170 328
170 342
170 345
170 352
170 379
170 380
170 390
170 417
170 420
170 425
170 433
170 441
170 442
170 459
170 467
170 476
170 497
170 499
171 177
171 204
171 211
171 216
171 227
171 228
171 237
171 239
171 240
171 248
171 256
171 257
171 266
171 275
171 298
171 305
171 311
171 315
171 324
171 328
171 335
171 348
171 349
171 353
171 366
171 384
171 389
171 391
171 396
171 441
171 443
171 452
171 458
171 469
171 475
171 493
171 498
172 189
172 191
172 197
172 202
172 210
172 229
172 242
172 243
172 250
172 265
172 277
172 282
172 297
172 306
172 314
172 317
172 331
172 355
172 367
172 372
172 374
172 376
172 378
172 389
172 392
172 393
172 403
172 404
172 425
172 426
172 439
172 459
172 491
172 492
173 175
173 201
173 209
173 262
173 263
173 266
173 306
173 309
173 314
173 317
173 323
173 334
173 340
173 365
173 372
173 374
173 414
173 416
173 427
173 429
173 438
173 439
173 441
173 455
173 462
173 477
173 482
173 487
173 494
173 496
174 175
174 191
174 201
174 203
174 215
174 222
174 224
174 242
174 266
174 269
174 275
174 278
174 279
174 288
174 300
174 313
174 328
174 333
174 347
174 349
174 361
174 370
174 377
174 379
174 396
174 406
174 426
174 456
174 457
174 460
174 461
174 469
174 470
174 474
174 479
174 493
175 177
175 179
175 196
175 203
175 204
175 211
175 226
175 234
175 240
175 244
175 247
175 248
175 286
175 297
175 299
175 325
175 327
175 338
175 339
175 340
175 346
175 350
175 362
175 366
175 377
175 387
175 390
175 404
175 420
175 421
175 422
175 425
175 431
175 434
175 449
175 452
175 456
175 464
175 467
175 486
175 499
176 201
176 204
176 221
176 242
176 282
176 294
176 309
176 310
176 322
176 324
176 334
176 341
176 342
176 352
176 366
176 374
176 394
176 411
176 424
176 449
176 452
176 459
176 464
176 473
176 481
176 490
177 189
177 193
177 196
177 205
177 218
177 235
177 273
177 299
177 300
177 306
177 309
177 328
177 332
177 340
177 356
177 361
177 369
177 374
177 397
177 399
177 401
177 403
177 407
177 412
177 438
177 440
177 448
177 449
177 460
177 467
177 471
177 480
178 204
178 205
178 215
178 217
178 233
178 254
178 256
178 258
178 264
178 310
178 321
178 325
178 328
178 333
178 334
178 336
178 339
178 341
178 344
178 366
178 379
178 391
178 395
178 396
178 414
178 418
178 438
178 444
178 445
178 446
178 448
178 452
178 475
178 483
178 484
178 492
178 493
178 497
179 181
179 183
179 187
179 208
179 209
179 212
179 217
179 225
179 235
179 244
179 266
179 268
179 270
179 281
179 303
179 309
179 313
179 314
179 323
179 343
179 346
179 353
179 356
179 364
179 382
179 383
179 387
179 391
179 399
179 405
179 406
179 413
179 420
179 423
179 467
179 471
179 474
179 475
179 479
179 485
179 496
180 185
180 188
180 202
180 206
180 208
180 209
180 212
180 219
180 227
180 232
180 249
180 264
180 274
180 296
180 305
180 320
180 343
180 361
180 363
180 367
180 374
180 380
180 382
180 393
180 401
180 409
180 418
180 452
180 467
180 492
180 493
180 496
181 194
181 203
181 204
181 208
181 213
181 241
181 242
181 253
181 255
181 257
181 261
181 285
181 292
181 302
181 306
181 333
181 343
181 353
181 383
181 388
181 401
181 408
181 430
181 435
181 462
181 464
181 467
181 481
181 483
181 484
181 493
181 496
182 208
182 212
182 227
182 248
182 252
182 269
182 274
182 277
182 279
182 290
182 294
182 303
182 305
182 310
182 317
182 318
182 330
182 334
182 338
182 342
182 348
182 351
182 355
182 361
182 362
182 368
182 377
182 382
182 389
182 397
182 406
182 413
182 422
182 432
182 445
182 481
182 488
182 490
182 496
183 189
183 191
183 195
183 201
183 211
183 227
183 234
183 241
183 244
183 250
183 253
183 261
183 294
183 311
183 314
183 321
183 335
183 357
183 376
183 380
183 395
183 406
183 408
183 414
183 415
183 424
183 435
183 437
183 441
183 452
183 457
183 487
183 488
183 494
184 190
184 203
184 222
184 231
184 232
184 234
184 236
184 244
184 278
184 327
184 342
184 343
184 345
184 354
184 355
184 367
184 372
184 397
184 403
184 420
184 426
184 429
184 430
184 438
184 439
184 449
184 463
184 471
184 475
184 477
184 483
184 493
185 194
185 213
185 222
185 225
185 249
185 251
185 274
185 290
185 299
185 322
185 333
185 340
185 367
185 369
185 370
185 371
185 381
185 409
185 416
185 424
185 429
185 439
185 457
185 480
185 481
185 495
186 210
186 212
186 214
186 233
186 239
186 256
186 259
186 260
186 266
186 268
186 275
186 294
186 298
186 300
186 307
186 333
186 338
186 350
186 358
186 379
186 386
186 391
186 398
186 410
186 428
186 435
186 450
186 461
186 470
186 471
186 485
186 495
187 191
187 193
187 225
187 230
187 231
187 232
187 237
187 242
187 244
187 282
187 290
187 294
187 304
187 314
187 324
187 330
187 338
187 339
187 389
187 395
187 412
187 439
187 445
187 446
187 457
187 465
187 471
187 474
187 476
187 477
187 480
188 196
188 199
188 209
188 217
188 220
188 221
188 230
188 244
188 246
188 250
188 254
188 255
188 280
188 285
188 296
188 299
188 304
188 307
188 312
188 314
188 315
188 322
188 325
188 327
188 335
188 341
188 346
188 354
188 361
188 363
188 381
188 395
188 434
188 476
189 190
189 203
189 219
189 222
189 254
189 260
189 269
189 275
189 293
189 300
189 303
189 308
189 316
189 320
189 330
189 332
189 342
189 352
189 369
189 371
189 379
189 405
189 437
189 443
189 444
189 448
189 468
189 470
189 475
189 497
189 499
190 196
190 210
190 223
190 226
190 230
190 239
190 240
190 242
190 245
190 250
190 257
190 259
190 274
190 287
190 304
190 316
190 319
190 335
190 340
190 363
190 371
190 376
190 382
190 388
190 391
190 397
190 411
190 416
190 422
190 431
190 451
190 461
190 474
190 487
190 497
191 193
191 196
191 198
191 236
191 252
191 279
191 281
191 294
191 310
191 325
191 331
191 333
191 348
191 353
191 354
191 356
191 366
191 374
191 386
191 388
191 404
191 405
191 426
191 427
191 442
191 447
191 450
191 452
191 463
191 469
191 470
191 488
191 495
191 498
191 499
192 205
192 213
192 216
192 249
192 255
192 269
192 271
192 273
192 280
192 286
192 301
192 326
192 328
192 341
192 347
192 353
192 358
192 371
192 405
192 410
192 422
192 462
192 463
192 471
192 478
192 499
193 200
193 233
193 235
193 240
193 247
193 263
193 265
193 281
193 288
193 300
193 307
193 321
193 331
193 340
193 361
193 372
193 375
193 398
193 411
193 412
193 413
193 418
193 451
193 457
193 458
194 208
194 213
194 215
194 220
194 237
194 241
194 253
194 266
194 269
194 270
194 284
194 296
194 321
194 338
194 356
194 359
194 366
194 368
194 374
194 381
194 387
194 392
194 394
194 401
194 402
194 410
194 425
194 441
194 449
194 451
194 454
194 464
194 470
194 475
194 485
194 487
194 489
194 498
195 203
195 230
195 235
195 238
195 239
195 241
195 250
195 251
195 253
195 260
195 276
195 295
195 299
195 314
195 383
195 397
195 406
195 418
195 427
195 428
195 441
195 455
195 459
195 460
195 474
195 475
195 479
196 209
196 220
196 225
196 230
196 241
196 246
196 249
196 262
196 266
196 268
196 277
196 308
196 312
196 315
196 337
196 338
196 352
196 353
196 355
196 362
196 364
196 375
196 382
196 396
196 398
196 401
196 406
196 419
196 422
196 430
196 435
196 452
196 453
196 475
196 490
196 495
196 496
197 204
197 234
197 244
197 260
197 270
197 302
197 320
197 324
197 327
197 339
197 343
197 345
197 361
197 363
197 370
197 386
197 423
197 431
197 433
197 440
197 446
197 452
197 475
197 485
197 488
198 211
198 215
198 219
198 238
198 243
198 245
198 247
198 249
198 253
198 254
198 260
198 264
198 296
198 305
198 321
198 322
198 327
198 349
198 353
198 356
198 369
198 385
198 388
198 401
198 412
198 413
198 419
198 423
198 433
198 438
198 440
198 464
198 467
198 472
198 485
198 499
199 203
199 217
199 221
199 251
199 256
199 261
199 280
199 302
199 303
199 309
199 321
199 329
199 345
199 368
199 372
199 377
199 383
199 384
199 423
199 444
199 447
199 456
199 460
199 474
199 478
199 481
200 227
200 239
200 275
200 282
200 305
200 307
200 318
200 324
200 326
200 339
200 340
200 342
200 346
200 355
200 356
200 363
200 375
200 382
200 394
200 410
200 411
200 419
200 436
200 438
200 445
200 461
200 468
200 491
201 217
201 226
201 228
201 231
201 246
201 249
201 259
201 281
201 283
201 318
201 321
201 335
201 360
201 382
201 385
201 405
201 406
201 412
201 414
201 431
201 439
201 442
201 459
201 461
201 464
202 205
202 212
202 213
202 218
202 228
202 238
202 274
202 287
202 298
202 307
202 318
202 322
202 340
202 350
202 366
202 382
202 384
202 397
202 398
202 415
202 419
202 437
202 446
202 450
202 479
202 488
202 494
202 496
202 497
203 204
203 205
203 207
203 274
203 276
203 285
203 289
203 298
203 313
203 318
203 332
203 349
203 356
203 360
203 364
203 367
203 371
203 372
203 377
203 393
203 395
203 396
203 407
203 412
203 416
203 426
203 429
203 432
203 437
203 451
203 456
203 458
203 459
203 470
203 473
203 474
203 475
203 478
204 211
204 214
204 226
204 227
204 230
204 254
204 291
204 317
204 319
204 339
204 363
204 364
204 367
204 381
204 392
204 404
204 415
204 429
204 436
204 449
204 453
204 459
204 460
204 470
204 488
205 214
205 215
205 268
205 280
205 281
205 286
205 293
205 295
205 299
205 301
205 310
205 314
205 321
205 322
205 336
205 337
205 338
205 342
205 345
205 368
205 371
205 386
205 395
205 398
205 401
205 403
205 420
205 422
205 431
205 437
205 446
205 448
205 453
205 455
205 465
205 469
205 481
205 483
205 489
205 490
205 496
205 499
206 217
206 222
206 229
206 245
206 247
206 251
206 252
206 259
206 262
206 274
206 275
206 297
206 318
206 348
206 366
206 408
206 419
206 428
206 438
206 444
206 464
206 483
206 488
206 489
206 497
207 209
207 215
207 232
207 235
207 245
207 271
207 275
207 286
207 293
207 302
207 307
207 313
207 317
207 319
207 325
207 327
207 340
207 342
207 356
207 358
207 375
207 381
207 383
207 384
207 387
207 393
207 407
207 409
207 424
207 434
207 464
207 471
207 472
207 476
207 478
207 495
208 211
208 220
208 229
208 230
208 245
208 256
208 264
208 271
208 274
208 279
208 302
208 306
208 309
208 311
208 326
208 332
208 343
208 358
208 361
208 377
208 379
208 383
208 390
208 403
208 409
208 423
208 431
208 435
208 455
208 457
208 473
208 486
209 276
209 315
209 321
209 326
209 328
209 337
209 338
209 342
209 362
209 390
209 405
209 406
209 415
209 419
209 445
209 458
209 464
209 466
209 478
210 215
210 238
210 249
210 272
210 289
210 291
210 296
210 313
210 339
210 348
210 350
210 356
210 363
210 364
210 370
210 373
210 381
210 412
210 415
210 419
210 431
210 438
210 439
210 452
210 470
211 213
211 222
211 229
211 260
211 268
211 272
211 274
211 279
211 308
211 317
211 341
211 343
211 353
211 358
211 362
211 380
211 389
211 393
211 411
211 421
211 438
211 447
211 453
211 454
211 465
211 468
211 479
211 488
211 489
211 490
212 213
212 221
212 224
212 227
212 240
212 251
212 252
212 259
212 279
212 280
212 284
212 291
212 294
212 297
212 300
212 305
212 322
212 327
212 332
212 346
212 350
212 353
212 354
212 377
212 382
212 392
212 416
212 435
212 444
212 472
212 494
213 226
213 242
213 245
213 250
213 251
213 286
213 298
213 302
213 303
213 304
213 313
213 315
213 357
213 375
213 381
213 394
213 419
213 421
213 422
213 434
213 455
213 466
213 478
213 481
213 490
213 491
213 493
213 496
214 226
214 235
214 273
214 289
214 298
214 310
214 312
214 356
214 357
214 384
214 385
214 386
214 429
214 441
214 451
214 453
214 462
214 480
214 488
215 219
215 236
215 239
215 242
215 257
215 280
215 289
215 296
215 302
215 317
215 326
215 330
215 341
215 357
215 371
215 372
215 391
215 393
215 407
215 412
215 431
215 449
215 460
215 476
215 496
216 228
216 230
216 248
216 262
216 285
216 305
216 313
216 323
216 343
216 347
216 352
216 357
216 360
216 370
216 384
216 388
216 393
216 403
216 431
216 434
216 445
216 463
216 466
217 236
217 237
217 240
217 260
217 273
217 281
217 298
217 305
217 314
217 323
217 347
217 357
217 369
217 387
217 388
217 405
217 417
217 423
217 425
217 436
217 444
217 452
217 454
217 461
217 485
217 487
217 488
218 219
218 224
218 235
218 248
218 255
218 280
218 283
218 296
218 306
218 311
218 312
218 314
218 319
218 369
218 376
218 377
218 380
218 388
218 392
218 393
218 402
218 410
218 424
218 432
218 451
218 458
218 459
218 468
218 481
218 483
218 488
219 224
219 225
219 245
219 251
219 262
219 265
219 267
219 271
219 273
219 277
219 291
219 295
219 329
219 332
219 339
219 374
219 379
219 399
219 405
219 439
219 440
219 445
219 446
219 459
219 460
219 461
219 487
220 225
220 230
220 232
220 263
220 273
220 276
220 296
220 302
220 312
220 314
220 329
220 336
220 340
220 344
220 347
220 360
220 363
220 369
220 370
220 380
220 394
220 412
220 431
220 433
220 446
220 449
220 457
220 459
220 464
220 473
220 485
220 491
220 492
221 232
221 235
221 251
221 260
221 274
221 277
221 284
221 304
221 326
221 328
221 374
221 390
221 392
221 396
221 398
221 439
221 442
221 456
221 485
221 486
222 229
222 234
222 252
222 253
222 264
222 275
222 278
222 285
222 308
222 311
222 312
222 315
222 326
222 338
222 339
222 348
222 356
222 365
222 366
222 377
222 384
222 397
222 406
222 410
222 420
222 423
222 428
222 439
222 440
222 445
222 450
222 453
222 464
222 465
222 476
222 479
222 486
222 497
222 498
223 234
223 247
223 253
223 257
223 277
223 287
223 294
223 297
223 300
223 333
223 356
223 369
223 400
223 406
223 414
223 418
223 423
223 440
223 445
223 463
223 482
223 491
223 494
223 498
224 226
224 235
224 254
224 273
224 283
224 289
224 290
224 295
224 299
224 301
224 325
224 332
224 342
224 344
224 346
224 349
224 351
224 355
224 358
224 360
224 389
224 391
224 406
224 411
224 427
224 447
224 452
224 459
224 461
224 462
224 464
224 468
224 482
224 483
224 491
225 227
225 230
225 233
225 247
225 255
225 256
225 266
225 278
225 304
225 310
225 323
225 328
225 329
225 332
225 350
225 381
225 403
225 405
225 409
225 415
225 434
225 438
225 439
225 443
225 445
225 447
225 448
225 463
225 465
225 472
225 496
226 243
226 244
226 261
226 283
226 288
226 310
226 356
226 363
226 368
226 376
226 382
226 394
226 396
226 410
226 419
226 428
226 457
226 470
226 471
226 475
226 477
226 480
226 489
226 494
227 230
227 232
227 240
227 242
227 295
227 321
227 346
227 347
227 353
227 381
227 414
227 441
227 445
227 462
227 478
227 493
228 249
228 254
228 255
228 279
228 294
228 296
228 300
228 302
228 321
228 327
228 330
228 339
228 342
228 354
228 375
228 398
228 415
228 423
228 424
228 456
228 462
228 475
228 477
228 488
228 490
229 243
229 247
229 257
229 265
229 288
229 304
229 314
229 321
229 328
229 348
229 352
229 363
229 365
229 395
229 416
229 421
229 448
229 466
229 494
229 496
230 265
230 282
230 284
230 285
230 287
230 307
230 324
230 331
230 332
230 338
230 352
230 361
230 382
230 386
230 392
230 422
230 431
230 443
230 446
230 451
230 479
230 480
230 499
231 241
231 253
231 260
231 292
231 301
231 315
231 321
231 339
231 353
231 362
231 368
231 373
231 374
231 390
231 394
231 425
231 429
231 436
231 454
231 456
231 458
231 466
231 473
231 482
231 484
231 485
231 486
232 238
232 245
232 246
232 251
232 271
232 292
232 298
232 306
232 307
232 316
232 319
232 320
232 340
232 342
232 352
232 354
232 356
232 363
232 367
232 374
232 379
232 394
232 422
232 449
232 498
233 238
233 245
233 286
233 290
233 303
233 312
233 328
233 342
233 353
233 369
233 376
233 380
233 386
233 389
233 392
233 396
233 403
233 426
233 432
233 434
233 464
233 497
234 242
234 252
234 254
234 270
234 298
234 310
234 314
234 318
234 320
234 331
234 333
234 341
234 353
234 361
234 365
234 394
234 395
234 409
234 439
234 442
234 458
234 468
234 496
235 251
235 252
235 265
235 275
235 293
235 303
235 313
235 319
235 348
235 354
235 364
235 371
235 390
235 399
235 419
235 428
235 439
235 446
235 476
235 496
236 257
236 259
236 275
236 276
236 279
236 280
236 283
236 297
236 305
236 310
236 326
236 337
236 345
236 353
236 359
236 370
236 379
236 381
236 389
236 393
236 395
236 397
236 398
236 423
236 427
236 435
236 441
236 460
236 473
236 477
236 482
236 485
236 497
236 499
237 258
237 262
237 273
237 275
237 287
237 289
237 303
237 315
237 336
237 341
237 344
237 351
237 357
237 361
237 363
237 370
237 371
237 374
237 379
237 387
237 391
237 396
237 401
237 403
237 418
238 244
238 253
238 257
238 261
238 285
238 287
238 293
238 301
238 306
238 307
238 313
238 316
238 321
238 328
238 387
238 393
238 398
238 403
238 418
238 436
238 446
238 473
238 477
238 478
238 486
239 240
239 249
239 254
239 268
239 270
239 271
239 294
239 334
239 345
239 363
239 372
239 393
239 394
239 408
239 414
239 419
239 432
239 438
239 459
239 463
239 474
239 479
239 495
240 243
240 249
240 250
240 258
240 279
240 287
240 297
240 307
240 332
240 342
240 387
240 390
240 398
240 411
240 414
240 426
240 442
240 449
240 451
240 463
240 464
240 466
240 469
240 480
240 499
241 243
241 245
241 247
241 256
241 257
241 266
241 282
241 284
241 298
241 299
241 319
241 326
241 334
241 335
241 336
241 343
241 350
241 354
241 370
241 380
241 382
241 398
241 404
241 405
241 411
241 453
241 465
241 471
242 245
242 254
242 263
242 264
242 282
242 286
242 295
242 300
242 310
242 312
242 322
242 325
242 330
242 345
242 346
242 352
242 360
242 361
242 376
242 388
242 397
242 406
242 412
242 432
242 451
242 459
242 475
242 477
243 245
243 275
243 280
243 290
243 305
243 306
243 319
243 341
243 355
243 375
243 381
243 403
243 414
243 422
243 437
243 455
243 462
243 471
243 475
243 478
243 492
243 497
244 245
244 246
244 249
244 250
244 277
244 279
244 298
244 351
244 356
244 373
244 400
244 402
244 421
244 427
244 432
244 448
244 466
244 471
244 479
244 482
244 485
244 488
244 499
245 248
245 249
245 251
245 255
245 269
245 270
245 275
245 281
245 300
245 316
245 325
245 327
245 329
245 339
245 357
245 361
245 366
245 369
245 372
245 376
245 380
245 389
245 403
245 405
245 425
245 448
245 461
245 462
245 466
245 491
246 261
246 288
246 290
246 308
246 343
246 352
246 365
246 383
246 430
246 432
246 442
246 447
246 455
246 458
246 459
246 461
246 465
246 470
246 487
246 494
247 252
247 257
247 262
247 266
247 279
247 282
247 290
247 305
247 340
247 348
247 354
247 371
247 378
247 407
247 410
247 418
247 422
247 450
247 453
247 458
247 465
247 466
247 476
247 478
247 479
247 493
248 249
248 250
248 260
248 289
248 293
248 294
248 304
248 328
248 333
248 373
248 375
248 376
248 382
248 385
248 388
248 404
248 409
248 423
248 435
248 439
248 454
248 465
248 485
249 274
249 300
249 324
249 327
249 329
249 334
249 340
249 343
249 356
249 364
249 366
249 392
249 398
249 399
249 403
249 421
249 432
249 464
249 469
249 470
250 258
250 259
250 268
250 273
250 284
250 292
250 302
250 322
250 328
250 337
250 345
250 357
250 372
250 382
250 406
250 409
250 411
250 414
250 424
250 426
250 433
250 442
250 444
250 457
250 462
250 468
250 472
250 477
250 480
251 256
251 262
251 285
251 289
251 297
251 304
251 306
251 310
251 312
251 317
251 347
251 358
251 365
251 370
251 386
251 390
251 401
251 403
251 440
251 442
251 444
251 478
251 498
252 261
252 277
252 282
252 314
252 349
252 353
252 355
252 363
252 364
252 382
252 394
252 399
252 415
252 430
252 431
252 434
252 438
252 441
252 444
252 446
252 454
252 474
252 476
252 490
253 260
253 265
253 271
253 272
253 281
253 305
253 315
253 323
253 324
253 338
253 371
253 372
253 377
253 380
253 399
253 410
253 412
253 420
253 422
253 425
253 442
253 454
253 469
253 490
254 268
254 278
254 294
254 318
254 329
254 330
254 343
254 352
254 364
254 367
254 372
254 375
254 376
254 378
254 380
254 383
254 391
254 401
254 405
254 406
254 421
254 422
254 449
254 453
254 454
254 473
254 499
255 265
255 278
255 307
255 322
255 324
255 327
255 345
255 350
255 351
255 367
255 368
255 378
255 381
255 384
255 398
255 413
255 416
255 430
255 466
255 480
256 279
256 282
256 301
256 311
256 331
256 356
256 364
256 388
256 393
256 397
256 402
256 408
256 444
256 452
256 455
256 460
256 469
256 479
256 481
256 489
257 271
257 279
257 290
257 302
257 309
257 326
257 329
257 343
257 344
257 378
257 379
257 385
257 406
257 413
257 432
257 457
257 478
257 485
257 491
258 277
258 278
258 280
258 288
258 290
258 292
258 293
258 294
258 299
258 302
258 307
258 318
258 320
258 327
258 330
258 342
258 345
258 347
258 352
258 361
258 369
258 382
258 398
258 410
258 418
258 420
258 433
258 436
258 456
258 459
258 463
258 469
258 483
258 495
259 262
259 277
259 288
259 301
259 302
259 314
259 325
259 331
259 339
259 344
259 346
259 374
259 379
259 387
259 402
259 405
259 426
259 433
259 441
259 445
259 452
259 453
259 455
259 464
259 476
259 477
259 484
259 486
259 491
260 281
260 292
260 314
260 317
260 320
260 322
260 336
260 341
260 345
260 368
260 370
260 376
260 384
260 390
260 394
260 398
260 402
260 425
260 427
260 438
260 439
260 466
260 469
260 472
261 266
261 270
261 274
261 277
261 286
261 303
261 308
261 313
261 325
261 335
261 348
261 352
261 354
261 368
261 380
261 389
261 409
261 417
261 419
261 432
261 442
261 445
261 448
261 459
261 468
261 485
261 494
262 264
262 266
262 267
262 280
262 288
262 293
262 315
262 335
262 353
262 354
262 366
262 369
262 404
262 425
262 428
262 434
262 452
262 461
262 466
262 497
263 267
263 282
263 287
263 299
263 313
263 329
263 346
263 363
263 369
263 373
263 380
263 383
263 400
263 403
263 410
263 422
263 423
263 424
263 429
263 451
263 461
263 467
263 473
263 480
263 483
263 485
263 488
263 491
263 494
264 304
264 316
264 318
264 321
264 326
264 327
264 332
264 337
264 369
264 371
264 378
264 383
264 384
264 394
264 397
264 404
264 408
264 409
264 412
264 415
264 422
264 427
264 457
264 460
264 488
264 490
265 288
265 293
265 300
265 332
265 333
265 334
265 335
265 340
265 342
265 395
265 397
265 405
265 407
265 418
265 420
265 423
265 445
265 454
265 465
265 479
265 485
265 487
265 492
265 496
266 270
266 287
266 289
266 294
266 310
266 314
266 315
266 316
266 325
266 339
266 350
266 352
266 359
266 363
266 364
266 367
266 372
266 378
266 387
266 394
266 399
266 409
266 410
266 416
266 424
266 439
266 464
266 485
266 495
266 497
267 268
267 269
267 274
267 284
267 288
267 294
267 297
267 302
267 305
267 306
267 311
267 312
267 321
267 324
267 325
267 332
267 340
267 346
267 354
267 357
267 372
267 400
267 408
267 411
267 417
267 419
267 432
267 435
267 474
267 475
267 480
267 484
267 487
267 488
267 494
268 279
268 283
268 312
268 317
268 326
268 338
268 345
268 376
268 386
268 387
268 402
268 404
268 413
268 430
268 436
268 442
268 447
268 469
268 471
269 273
269 276
269 284
269 291
269 294
269 351
269 354
269 359
269 376
269 384
269 390
269 395
269 397
269 406
269 438
269 458
269 462
269 477
269 488
270 282
270 292
270 329
270 344
270 345
270 356
270 377
270 381
270 382
270 393
270 394
270 396
270 400
270 405
270 426
270 427
270 428
270 443
270 448
270 450
270 453
270 454
270 458
270 459
270 463
270 467
270 468
270 470
270 497
271 276
271 289
271 292
271 299
271 304
271 330
271 335
271 347
271 351
271 368
271 388
271 398
271 404
271 410
271 411
271 413
271 415
271 421
271 422
271 438
271 456
271 467
271 473
271 484
272 275
272 282
272 284
272 297
272 311
272 320
272 337
272 343
272 359
272 362
272 367
272 376
272 391
272 393
272 401
272 403
272 426
272 428
272 437
272 444
272 447
272 466
272 468
272 473
272 493
273 302
273 332
273 341
273 354
273 357
273 365
273 373
273 375
273 381
273 429
273 434
273 435
273 457
273 477
273 487
274 283
274 292
274 294
274 313
274 316
274 331
274 342
274 362
274 364
274 368
274 373
274 407
274 435
274 439
274 440
274 442
274 458
274 466
274 479
275 278
275 294
275 317
275 324
275 336
275 348
275 350
275 353
275 359
275 373
275 385
275 401
275 403
275 420
275 429
275 436
275 442
275 444
275 453
275 461
275 471
275 475
275 478
275 486
275 493
275 496
276 284
276 288
276 290
276 297
276 302
276 308
276 311
276 314
276 315
276 333
276 350
276 362
276 375
276 376
276 387
276 399
276 419
276 439
276 444
276 449
276 451
276 453
276 461
276 492
277 291
277 306
277 317
277 320
277 322
277 330
277 346
277 354
277 360
277 368
277 371
277 387
277 395
277 400
277 404
277 416
277 429
277 436
277 445
277 468
277 470
277 480
277 488
277 498
278 283
278 286
278 301
278 303
278 326
278 328
278 336
278 337
278 340
278 357
278 365
278 385
278 391
278 400
278 427
278 429
278 444
278 454
278 459
278 475
278 485
278 499
279 329
279 333
279 338
279 342
279 346
279 360
279 366
279 373
279 374
279 375
279 380
279 398
279 401
279 413
279 417
279 418
279 420
279 422
279 424
279 427
279 429
279 436
279 439
279 447
279 448
279 455
279 464
279 473
279 480
279 486
279 490
279 494
280 287
280 302
280 308
280 317
280 323
280 338
280 354
280 357
280 359
280 379
280 392
280 394
280 410
280 423
280 446
280 472
280 498
281 294
281 301
281 307
281 313
281 322
281 346
281 348
281 353
281 359
281 362
281 367
281 373
281 388
281 389
281 416
281 417
281 419
281 422
281 423
281 434
281 438
281 468
281 477
281 482
281 494
281 498
282 312
282 352
282 375
282 391
282 399
282 402
282 409
282 417
282 429
282 444
282 467
282 471
282 484
282 490
283 302
283 315
283 343
283 387
283 388
283 390
283 391
283 398
283 418
283 424
283 425
283 436
283 439
283 455
283 467
283 480
283 489
283 498
284 292
284 294
284 305
284 307
284 326
284 337
284 341
284 342
284 343
284 346
284 354
284 369
284 374
284 377
284 381
284 388
284 395
284 399
284 400
284 403
284 445
284 451
284 459
284 471
284 479
285 304
285 307
285 331
285 360
285 367
285 371
285 378
285 384
285 387
285 398
285 402
285 410
285 411
285 419
285 463
285 466
285 473
286 312
286 328
286 334
286 340
286 357
286 364
286 374
286 396
286 401
286 410
286 416
286 440
286 441
286 444
286 447
286 454
286 459
286 484
286 491
287 289
287 304
287 312
287 318
287 326
287 332
287 335
287 340
287 342
287 343
287 352
287 387
287 405
287 410
287 411
287 417
287 443
287 458
287 461
287 476
287 485
287 486
288 300
288 307
288 317
288 320
288 321
288 357
288 365
288 379
288 403
288 407
288 415
288 422
288 430
288 431
288 434
288 442
288 454
288 464
288 475
288 481
288 488
288 490
289 291
289 314
289 316
289 329
289 337
289 340
289 344
289 354
289 357
289 370
289 372
289 373
289 380
289 381
289 387
289 394
289 415
289 418
289 443
289 455
289 463
289 467
289 473
289 476
290 298
290 321
290 340
290 344
290 347
290 352
290 361
290 390
290 399
290 405
290 418
290 428
290 429
290 473
290 482
290 485
290 495
291 298
291 314
291 317
291 338
291 347
291 353
291 356
291 367
291 401
291 406
291 425
291 427
291 434
291 460
291 465
291 466
291 474
291 485
292 300
292 314
292 324
292 330
292 337
292 358
292 376
292 391
292 399
292 405
292 406
292 413
292 431
292 433
292 446
292 461
292 463
292 474
292 489
292 490
292 491
293 300
293 322
293 325
293 329
293 333
293 356
293 361
293 374
293 377
293 392
293 399
293 412
293 418
293 428
293 436
293 444
293 445
293 455
293 467
293 482
293 487
294 303
294 308
294 317
294 325
294 326
294 327
294 332
294 334
294 339
294 360
294 374
294 382
294 387
294 397
294 402
294 414
294 419
294 420
294 426
294 428
294 434
294 459
294 465
294 468
294 474
295 300
295 309
295 311
295 316
295 333
295 347
295 358
295 372
295 386
295 411
295 413
295 414
295 420
295 443
295 455
295 470
295 474
295 481
295 484
296 309
296 317
296 322
296 326
296 330
296 335
296 374
296 387
296 397
296 423
296 434
296 456
296 465
296 486
297 337
297 352
297 361
297 365
297 370
297 383
297 385
297 395
297 422
297 439
297 458
297 464
297 469
298 303
298 338
298 351
298 356
298 363
298 383
298 392
298 395
298 402
298 405
298 406
298 419
298 422
298 423
298 444
298 459
298 471
298 488
298 499
299 318
299 331
299 337
299 339
299 340
299 342
299 362
299 375
299 377
299 378
299 380
299 388
299 396
299 398
299 411
299 416
299 417
299 423
299 427
299 436
299 451
299 455
299 458
299 480
299 481
299 490
299 496
300 309
300 332
300 339
300 353
300 364
300 387
300 402
300 419
300 420
300 428
300 434
300 448
300 450
300 470
300 484
300 486
300 487
300 489
300 496
301 317
301 324
301 329
301 330
301 335
301 337
301 343
301 380
301 385
301 393
301 402
301 425
301 452
301 459
301 467
301 468
301 473
301 484
301 492
301 497
301 498
302 307
302 341
302 343
302 345
302 358
302 360
302 362
302 367
302 369
302 377
302 388
302 398
302 402
302 420
302 422
302 435
302 439
302 444
302 445
302 446
302 483
302 491
303 307
303 309
303 317
303 319
303 329
303 345
303 346
303 357
303 361
303 368
303 388
303 404
303 413
303 418
303 443
303 472
304 308
304 309
304 317
304 337
304 343
304 348
304 353
304 365
304 369
304 371
304 374
304 385
304 387
304 391
304 393
304 414
304 415
304 417
304 447
304 461
304 478
304 494
305 306
305 317
305 329
305 351
305 358
305 359
305 362
305 382
305 399
305 404
305 405
305 412
305 422
305 425
305 450
305 459
305 461
305 464
305 492
306 313
306 330
306 332
306 335
306 343
306 346
306 350
306 351
306 365
306 423
306 465
307 329
307 333
307 336
307 348
307 368
307 370
307 380
307 383
307 384
307 393
307 421
307 423
307 427
307 443
307 444
307 455
307 460
307 487
307 497
308 309
308 317
308 341
308 342
308 351
308 363
308 366
308 369
308 372
308 379
308 420
308 426
308 443
308 451
308 456
308 481
308 487
309 316
309 327
309 335
309 342
309 362
309 375
309 376
309 380
309 381
309 391
309 405
309 420
309 423
309 424
309 439
309 452
309 458
309 463
309 465
309 478
309 482
309 484
309 497
309 498
310 321
310 329
310 359
310 363
310 379
310 387
310 392
310 396
310 405
310 408
310 419
310 425
310 434
310 454
310 462
310 467
310 478
311 330
311 334
311 340
311 348
311 350
311 353
311 365
311 371
311 379
311 397
311 402
311 412
311 422
311 434
311 445
311 449
311 452
311 454
311 464
311 466
311 471
311 473
311 478
311 481
311 487
311 491
311 494
311 497
312 317
312 320
312 332
312 337
312 348
312 363
312 383
312 386
312 397
312 398
312 403
312 413
312 423
312 439
312 448
312 449
312 455
312 470
312 485
312 487
313 315
313 330
313 333
313 341
313 354
313 360
313 368
313 384
313 385
313 397
313 401
313 403
313 424
313 431
313 455
313 462
313 463
313 467
313 482
313 490
313 491
314 329
314 358
314 360
314 367
314 374
314 375
314 381
314 385
314 391
314 418
314 421
314 448
314 457
314 461
314 465
314 466
314 469
314 486
314 491
314 493
314 499
315 322
315 335
315 364
315 368
315 374
315 377
315 417
315 435
315 437
315 441
315 443
315 444
315 462
315 484
315 491
316 324
316 336
316 340
316 367
316 379
316 386
316 389
316 413
316 424
316 429
316 441
316 472
316 485
317 339
317 344
317 370
317 371
317 378
317 394
317 402
317 415
317 426
317 458
317 483
317 498
318 330
318 341
318 352
318 366
318 388
318 411
318 416
318 442
318 444
318 466
318 470
318 472
318 481
318 484
319 320
319 325
319 340
319 350
319 366
319 386
319 393
319 400
319 409
319 432
319 442
319 470
319 491
320 327
320 342
320 369
320 379
320 394
320 399
320 429
320 454
320 465
320 477
320 482
320 489
320 496
321 322
321 342
321 348
321 360
321 375
321 391
321 397
321 408
321 448
321 449
321 476
321 490
322 338
322 356
322 358
322 366
322 369
322 382
322 399
322 405
322 420
322 426
322 438
322 445
322 448
322 456
322 457
322 475
322 482
322 484
323 326
323 400
323 402
323 403
323 415
323 445
323 463
323 478
324 325
324 326
324 332
324 342
324 357
324 358
324 359
324 362
324 365
324 374
324 399
324 426
324 435
324 446
324 457
324 474
325 343
325 348
325 350
325 352
325 353
325 361
325 366
325 367
325 381
325 382
325 386
325 394
325 396
325 399
325 435
325 436
325 446
325 448
325 451
325 467
325 469
326 338
326 345
326 351
326 354
326 357
326 359
326 372
326 381
326 416
326 423
326 424
326 425
326 427
326 430
326 443
326 447
326 448
326 474
326 485
326 495
327 337
327 358
327 360
327 362
327 364
327 368
327 372
327 374
327 377
327 384
327 391
327 399
327 400
327 429
327 437
327 439
327 442
327 446
327 459
327 460
327 463
327 470
327 486
327 493
327 494
328 351
328 362
328 366
328 376
328 381
328 398
328 425
328 437
328 440
328 446
328 453
328 454
328 461
328 471
328 477
328 478
328 491
328 496
329 338
329 345
329 361
329 374
329 381
329 382
329 405
329 411
329 413
329 416
329 424
329 430
329 453
329 455
329 475
329 489
329 495
329 499
330 331
330 334
330 348
330 352
330 361
330 364
330 376
330 393
330 415
330 418
330 424
330 430
330 439
330 455
330 458
330 459
330 464
330 487
330 499
331 333
331 345
331 348
331 351
331 356
331 357
331 369
331 378
331 383
331 391
331 403
331 406
331 414
331 446
331 464
331 465
331 477
331 486
331 491
332 333
332 341
332 343
332 353
332 362
332 371
332 382
332 383
332 418
332 420
332 436
332 447
332 458
332 470
332 474
332 487
332 490
332 498
332 499
333 339
333 341
333 348
333 350
333 351
333 361
333 390
333 391
333 398
333 399
333 419
333 420
333 422
333 425
333 435
333 441
333 442
333 449
333 450
333 457
333 473
333 492
333 498
333 499
334 338
334 339
334 341
334 355
334 360
334 366
334 379
334 384
334 394
334 396
334 415
334 416
334 419
334 433
334 443
334 450
334 452
334 461
334 465
334 471
334 479
335 338
335 365
335 384
335 410
335 412
335 421
335 437
335 449
335 460
335 471
335 478
335 479
335 480
335 492
335 497
336 371
336 376
336 388
336 389
336 394
336 397
336 399
336 404
336 405
336 416
336 438
336 443
336 455
336 461
336 475
337 340
337 348
337 349
337 350
337 356
337 366
337 392
337 407
337 411
337 418
337 420
337 427
337 431
337 434
337 458
337 474
337 475
337 484
337 485
337 491
337 492
337 494
337 495
337 496
338 340
338 362
338 402
338 433
338 475
338 479
338 492
338 494
339 344
339 348
339 350
339 367
339 375
339 380
339 384
339 387
339 392
339 403
339 413
339 427
339 451
339 465
339 475
339 480
339 498
340 342
340 349
340 351
340 353
340 354
340 356
340 368
340 372
340 397
340 410
340 412
340 416
340 419
340 434
340 447
340 450
340 458
340 459
340 473
340 483
340 489
340 490
340 494
341 355
341 361
341 368
341 369
341 378
341 404
341 406
341 409
341 411
341 424
341 433
341 442
341 443
341 468
341 482
341 486
341 488
341 491
341 496
342 348
342 353
342 357
342 358
342 368
342 376
342 390
342 401
342 410
342 419
342 425
342 428
342 430
342 443
342 473
342 484
342 496
343 364
343 367
343 386
343 397
343 413
343 438
343 446
343 450
343 475
343 479
343 484
343 485
344 359
344 360
344 366
344 370
344 373
344 374
344 404
344 408
344 415
344 426
344 436
344 439
344 440
344 445
344 449
344 459
344 463
344 473
344 474
344 482
344 484
344 491
345 349
345 359
345 393
345 394
345 402
345 411
345 417
345 418
345 428
345 435
345 438
345 448
345 471
345 477
345 488
345 498
346 353
346 368
346 369
346 373
346 376
346 379
346 382
346 392
346 403
346 414
346 435
346 437
346 455
346 474
346 476
346 482
346 491
347 364
347 370
347 377
347 378
347 380
347 381
347 384
347 421
347 422
347 429
347 436
347 438
347 469
347 473
347 483
347 485
347 489
348 353
348 364
348 366
348 377
348 380
348 426
348 479
348 488
348 496
349 352
349 367
349 379
349 407
349 412
349 419
349 427
349 471
349 480
349 485
349 496
350 357
350 362
350 368
350 370
350 389
350 395
350 398
350 413
350 435
350 441
350 442
350 443
350 479
351 362
351 380
351 382
351 386
351 391
351 405
351 414
351 423
351 425
351 451
351 466
351 473
351 478
351 483
351 484
351 490
352 353
352 355
352 357
352 366
352 368
352 372
352 374
352 378
352 382
352 391
352 399
352 409
352 411
352 419
352 421
352 434
352 435
352 447
352 461
352 469
353 379
353 380
353 384
353 388
353 390
353 393
353 398
353 411
353 414
353 416
353 422
353 425
353 431
353 462
353 481
353 483
353 488
353 490
353 493
354 375
354 378
354 390
354 391
354 403
354 404
354 413
354 415
354 417
354 419
354 422
354 448
354 453
354 459
354 476
354 491
355 356
355 360
355 380
355 388
355 398
355 400
355 401
355 407
355 416
355 427
355 459
355 473
355 477
356 358
356 360
356 361
356 381
356 385
356 396
356 410
356 415
356 422
356 439
356 468
356 476
356 491
356 497
357 365
357 366
357 380
357 381
357 392
357 402
357 415
357 418
357 420
357 432
357 443
357 458
357 462
357 464
357 465
357 481
357 490
358 360
358 362
358 419
358 428
358 432
358 436
358 438
358 443
358 444
358 451
358 455
358 464
358 466
359 367
359 372
359 380
359 395
359 410
359 424
359 441
359 448
359 469
360 389
360 392
360 393
360 400
360 402
360 414
360 421
360 423
360 428
360 433
360 453
360 460
360 461
360 468
360 479
360 480
360 492
360 495
361 381
361 390
361 391
361 398
361 399
361 405
361 415
361 419
361 430
361 437
361 460
361 465
361 470
361 484
361 494
361 499
362 363
362 378
362 395
362 397
362 412
362 429
362 460
362 461
362 464
362 473
362 479
362 480
362 494
363 372
363 384
363 392
363 393
363 394
363 407
363 409
363 420
363 443
363 457
363 474
363 499
364 374
364 390
364 413
364 414
364 426
364 433
364 452
364 456
364 459
364 460
364 466
364 479
364 483
364 490
364 494
364 496
365 369
365 373
365 381
365 399
365 401
365 407
365 419
365 420
365 423
365 450
365 461
365 473
365 474
365 479
365 481
365 484
365 491
365 499
366 390
366 395
366 418
366 419
366 448
366 452
366 457
366 467
366 471
366 481
366 498
367 371
367 392
367 396
367 404
367 406
367 414
367 415
367 424
367 428
367 430
367 431
367 435
367 436
367 452
367 462
367 469
367 474
367 478
367 481
367 485
367 488
367 491
367 493
368 384
368 421
368 422
368 439
368 460
368 464
368 477
368 483
368 496
369 381
369 396
369 400
369 421
369 431
369 432
369 439
369 443
369 444
369 447
369 448
369 456
369 481
369 483
369 486
369 487
369 490
370 382
370 386
370 395
370 399
370 403
370 434
370 436
370 453
370 463
370 465
370 466
370 467
370 472
370 475
370 488
370 494
371 380
371 389
371 390
371 395
371 408
371 414
371 417
371 420
371 425
371 428
371 442
371 468
371 478
371 484
371 489
371 490
371 497
371 498
371 499
372 376
372 382
372 393
372 399
372 400
372 402
372 406
372 411
372 414
372 415
372 416
372 420
372 423
372 427
372 428
372 434
372 436
372 443
372 446
372 454
372 458
372 465
372 471
372 472
372 478
372 486
372 487
373 382
373 384
373 392
373 399
373 414
373 427
373 432
373 451
373 471
373 482
373 494
373 496
373 499
374 382
374 383
374 389
374 398
374 411
374 416
374 434
374 447
374 451
374 463
374 477
374 490
375 390
375 401
375 412
375 433
375 453
375 482
375 484
375 495
376 381
376 383
376 395
376 396
376 404
376 420
376 437
376 441
376 448
376 463
376 473
376 485
377 380
377 406
377 412
377 432
377 436
377 439
377 443
377 448
377 450
378 380
378 388
378 402
378 407
378 411
378 412
378 435
378 455
378 463
378 468
378 471
378 475
378 476
378 479
378 480
378 490
378 497
378 499
379 380
379 381
379 387
379 411
379 414
379 433
379 434
379 436
379 445
379 455
379 460
379 464
379 473
379 480
379 481
379 487
379 496
380 382
380 394
380 410
380 419
380 420
380 429
380 433
380 436
380 438
380 441
380 453
380 458
380 467
380 472
380 477
380 487
380 488
381 383
381 389
381 395
381 401
381 413
381 438
381 441
381 454
381 458
381 460
382 386
382 391
382 393
382 395
382 418
382 422
382 431
382 439
382 444
382 450
382 475
382 485
382 494
382 495
383 388
383 397
383 402
383 407
383 418
383 439
383 449
383 479
383 480
383 487
383 495
384 385
384 398
384 403
384 405
384 445
384 446
384 453
384 473
384 485
384 493
384 498
385 386
385 401
385 410
385 483
386 404
386 413
386 414
386 417
386 418
386 429
386 447
386 451
386 456
386 463
386 469
387 392
387 395
387 396
387 400
387 414
387 425
387 430
387 442
387 468
387 471
387 483
387 490
387 496
387 499
388 393
388 408
388 417
388 418
388 420
388 426
388 427
388 434
388 438
388 439
388 440
388 441
388 469
388 476
388 481
388 486
388 489
388 495
389 393
389 404
389 426
389 433
389 436
389 448
389 451
389 454
389 466
389 468
389 472
389 482
389 485
389 486
389 492
390 403
390 417
390 424
390 429
390 436
390 452
390 455
390 464
390 483
390 489
390 490
391 405
391 406
391 410
391 423
391 431
391 436
391 437
391 452
391 453
391 477
391 486
391 488
391 492
392 409
392 419
392 445
392 450
392 469
392 487
393 395
393 397
393 404
393 405
393 415
393 441
393 452
393 465
393 466
393 488
393 490
393 491
393 493
394 407
394 416
394 425
394 442
394 448
394 461
394 465
394 475
394 478
394 480
394 496
394 498
395 397
395 403
395 418
395 422
395 425
395 426
395 432
395 435
395 448
395 459
395 468
395 480
396 404
396 407
396 419
396 435
396 449
396 455
396 457
396 459
396 462
396 472
396 476
396 488
397 407
397 410
397 417
397 418
397 430
397 445
397 456
397 463
397 470
397 476
397 486
397 488
397 490
397 496
398 428
398 430
398 433
398 441
398 455
398 462
398 467
398 497
398 498
399 408
399 427
399 489
399 494
400 405
400 410
400 411
400 415
400 424
400 463
400 469
400 474
400 483
401 402
401 416
401 425
401 428
401 436
401 441
401 459
401 469
401 471
401 481
401 490
401 499
402 405
402 413
402 416
402 423
402 431
402 436
402 438
402 451
402 458
402 459
403 414
403 423
403 424
403 434
403 438
403 450
404 408
404 433
404 435
404 437
404 443
404 455
404 469
404 470
404 480
404 484
404 485
404 499
405 409
405 414
405 427
405 433
405 438
405 442
405 477
405 484
405 493
405 498
406 415
406 416
406 434
406 436
406 441
406 444
406 449
406 451
406 467
406 473
406 476
406 478
406 490
407 409
407 410
407 428
407 441
407 450
407 455
407 460
407 461
407 462
407 464
407 470
407 482
408 409
408 433
408 435
408 438
408 439
408 445
408 451
408 452
408 467
408 477
408 488
408 491
409 410
409 411
409 422
409 443
409 448
409 463
409 464
409 465
409 467
409 479
409 488
409 491
410 416
410 418
410 440
410 464
410 477
410 483
410 498
411 413
411 415
411 421
411 427
411 434
411 435
411 446
411 455
411 462
411 476
411 478
411 497
412 422
412 433
412 443
412 460
412 470
412 486
413 424
413 433
413 443
413 478
413 496
413 497
414 415
414 425
414 432
414 437
414 438
414 439
414 484
414 498
415 417
415 436
415 437
415 439
415 451
415 465
415 469
415 485
415 489
415 495
415 498
416 419
416 423
416 424
416 438
416 453
416 455
416 465
416 475
416 476
416 488
416 495
417 427
417 432
417 445
417 447
417 459
417 464
417 470
417 474
417 484
417 488
418 420
418 438
418 470
418 474
418 488
418 498
419 434
419 436
419 437
419 443
419 446
419 452
419 465
419 474
420 449
420 465
420 476
420 487
420 491
421 448
421 454
421 464
421 480
421 484
422 434
422 436
422 437
422 459
422 467
422 470
422 472
422 474
422 478
422 490
422 493
423 425
423 433
423 438
423 463
423 465
423 490
423 497
423 499
424 430
424 460
424 472
424 490
424 491
424 492
425 428
425 429
425 431
425 460
425 477
425 480
425 481
426 434
426 448
426 495
427 431
427 433
427 434
427 440
427 442
427 445
427 449
427 463
427 464
427 469
427 479
427 480
428 442
428 443
428 445
428 447
428 450
428 454
428 467
428 468
428 471
428 486
428 495
429 433
429 450
429 457
429 459
429 462
429 469
429 480
429 488
429 498
430 442
430 453
430 465
430 466
430 473
430 474
430 494
431 433
431 434
431 435
431 450
431 456
431 457
431 461
431 475
431 483
431 485
432 447
432 448
432 465
432 478
432 480
432 483
432 490
432 494
432 498
433 436
433 491
433 495
434 445
434 462
434 488
434 489
435 436
435 443
435 448
435 449
435 455
435 456
435 462
435 465
435 466
435 471
435 477
435 489
435 494
436 447
436 452
436 459
436 460
436 478
436 487
437 444
437 455
437 468
437 484
438 460
438 465
438 467
438 477
438 481
438 484
438 488
438 490
439 445
439 448
439 490
439 493
439 494
440 458
440 471
440 482
440 492
440 497
440 498
441 444
441 447
441 452
441 460
441 471
441 475
441 493
442 455
442 473
442 476
442 486
442 496
443 479
443 482
443 483
443 486
443 488
444 449
444 461
444 470
444 491
444 496
445 454
445 470
445 480
445 492
446 467
446 468
446 491
446 493
447 448
447 451
447 472
447 483
447 486
447 489
447 491
447 492
447 495
448 454
448 458
448 466
448 472
448 473
448 491
448 494
448 498
449 451
449 452
449 459
449 462
449 481
449 495
450 454
450 456
450 457
450 468
450 475
450 477
450 493
451 459
451 487
451 490
451 491
451 493
451 496
452 471
452 476
452 494
452 497
452 498
453 463
453 464
453 465
453 470
453 481
454 479
455 462
455 464
455 486
455 488
456 469
456 472
456 489
456 496
456 498
457 461
457 465
457 467
457 475
457 480
457 487
457 492
457 494
458 464
458 466
458 468
458 492
458 495
459 470
459 474
459 486
459 495
460 478
460 479
460 488
461 470
461 472
461 474
462 469
463 481
463 491
463 499
464 472
464 476
464 477
464 498
465 469
465 471
465 483
465 486
465 488
466 479
466 484
466 495
466 499
467 478
467 481
467 486
467 493
468 469
468 472
468 475
468 485
468 496
468 499
469 491
470 477
470 499
471 474
471 486
471 496
472 480
472 486
473 479
473 480
473 485
473 489
473 491
474 476
474 483
474 484
474 489
475 479
475 482
475 496
476 479
476 486
477 479
477 492
477 494
477 495
478 482
478 483
478 484
478 493
479 494
480 482
481 492
481 494
482 490
482 492
482 496
482 499
483 484
483 494
484 495
485 492
486 487
486 496
487 493
490 492
