100
0 -0.922191 2.229368 1.525474 0.146932 -0.217127 -0.034087
1 0.463621 -0.443104 -0.030373 -0.144804 -0.217127 0.772930
2 -1.141004 0.257596 -0.419335 -0.144804 -0.217127 -0.034087
3 2.068246 0.412090 -0.419335 -0.144804 -0.217127 -2.697242
4 -0.046942 1.161017 1.136512 -0.144804 -0.217127 0.772930
5 1.265933 0.799664 1.136512 -0.144804 -0.217127 0.369421
6 -0.119879 0.002025 1.914436 -0.144804 -0.217127 0.772930
7 -0.703379 -0.556880 -0.419335 -0.144804 -0.217127 0.369421
8 -1.068066 0.154767 0.747550 -0.144804 -0.217127 -1.648120
9 0.901246 1.043218 0.358588 -0.144804 -0.217127 -0.034087
10 -1.359816 -0.754829 -0.419335 -0.144804 -0.217127 -0.034087
11 -1.141004 -0.567192 -0.030373 -0.144804 4.053340 -0.034087
12 -0.776316 -0.486086 2.303397 -0.144804 -0.217127 -0.034087
13 -0.630441 1.504957 -0.419335 -0.144804 -0.217127 -0.034087
14 0.463621 1.405651 -0.030373 -0.144804 -0.217127 -0.034087
15 0.171871 0.394723 1.136512 -0.144804 -0.217127 -0.034087
16 0.828308 -1.143587 2.303397 0.886874 -0.217127 1.579946
17 -0.411629 -0.013429 1.136512 -0.144804 -0.217127 -0.034087
18 -1.432754 0.833602 -3.531030 -0.144804 -0.217127 0.772930
19 0.901246 1.169303 -0.419335 -0.144804 -0.217127 -0.034087
20 0.463621 -1.009443 1.136512 -0.144804 -0.217127 0.772930
21 1.120058 -0.158766 1.914436 0.550049 -0.217127 0.772930
22 -0.922191 -0.711923 -0.419335 -0.144804 -0.217127 -0.034087
23 2.214121 -0.242059 -0.419335 -0.144804 -0.217127 -0.034087
24 1.411808 -0.472791 -0.419335 -0.144804 4.102968 -0.034087
25 0.171871 -0.043627 1.525474 -0.144804 -0.217127 -0.034087
26 -0.119879 -0.094629 -1.975183 -0.144804 -0.217127 0.772930
27 -1.068066 -0.140329 -0.419335 -0.144804 -0.217127 -0.034087
28 -0.776316 0.093765 1.136512 -0.144804 -0.217127 -0.034087
29 1.484746 -0.173377 1.525474 -0.144804 -0.217127 1.176438
30 -0.557504 -1.563973 -0.419335 -0.144804 -0.217127 0.772930
31 -0.557504 0.271374 -0.030373 -0.144804 -0.217127 -0.841104
32 -1.286879 1.782780 -0.030373 -0.144804 5.681130 0.611526
33 -0.411629 2.206888 -0.419335 -0.144804 -0.217127 -0.034087
34 -0.265754 -0.458208 -0.419335 -0.144804 -0.217127 -0.034087
35 -0.484566 -0.401969 1.136512 -0.144804 -0.217127 1.176438
36 -0.557504 -1.225677 -0.419335 -0.144804 -0.217127 -0.034087
37 -0.265754 -1.033921 0.358588 -0.144804 -0.217127 -0.034087
38 1.192996 0.631335 1.136512 -0.144804 -0.217127 -0.034087
39 0.901246 -1.566994 1.136512 -0.144804 -0.217127 -0.034087
40 0.828308 -0.487402 1.136512 -0.144804 -0.217127 0.772930
41 -0.484566 -0.187714 -0.030373 -0.144804 -0.217127 1.176438
42 -1.432754 -0.834400 -0.030373 -0.144804 -0.217127 -2.051629
43 1.849433 -0.722898 -0.419335 -0.144804 -0.217127 -0.034087
44 -1.213941 0.009099 -0.030373 -0.144804 -0.217127 -0.437595
45 0.901246 -0.069602 1.525474 -0.144804 -0.217127 -0.034087
46 0.098933 -0.326451 -1.586221 -0.144804 -0.217127 1.176438
47 -0.849254 0.043359 1.914436 -0.144804 -0.217127 -0.034087
48 -0.046942 1.446777 -0.030373 -0.144804 -0.217127 1.176438
49 -0.411629 -0.505035 -0.419335 -0.144804 -0.217127 0.772930
50 -0.265754 -0.416278 -0.419335 0.384186 -0.217127 -0.437595
51 1.411808 0.179691 1.136512 -0.144804 -0.217127 -0.034087
52 0.536558 -0.013173 -0.419335 1.871315 -0.217127 0.772930
53 -0.776316 2.578194 -2.364144 -0.144804 -0.217127 -0.034087
54 -0.995129 -1.060256 -0.419335 -0.144804 -0.217127 -0.034087
55 -0.265754 0.203128 -0.030373 -0.144804 -0.217127 -0.034087
56 -0.703379 -1.364641 -0.030373 -0.144804 -0.217127 -0.034087
57 1.630621 0.134323 -0.030373 -0.144804 -0.217127 -0.034087
58 -0.046942 -0.129657 -0.030373 -0.144804 -0.217127 -0.034087
59 2.359996 -0.595221 1.525474 -0.144804 3.284110 2.386963
60 0.609496 -0.420397 -1.197259 -0.144804 -0.217127 0.369421
61 -1.359816 -1.422178 -0.030373 -0.144804 -0.217127 2.386963
62 -0.119879 0.720367 -0.030373 -0.144804 4.465250 1.579946
63 0.025996 0.330264 -1.975183 0.443768 -0.217127 1.176438
64 -0.557504 -0.748285 1.136512 -0.144804 -0.217127 -0.034087
65 1.484746 0.589244 -1.586221 -0.144804 -0.217127 -1.244612
66 -1.213941 2.310588 0.747550 -0.144804 -0.217127 -0.356894
67 1.995308 0.086190 -0.419335 -0.144804 -0.217127 -0.034087
68 -0.776316 0.012906 -0.419335 -0.144804 -0.217127 -0.034087
69 1.484746 -0.793521 1.136512 -0.144804 -0.217127 -0.841104
70 -1.286879 -0.906103 -0.419335 -0.144804 -0.217127 -0.034087
71 1.849433 -1.505641 0.358588 -0.144804 -0.217127 -0.841104
72 -0.192816 -1.438276 -0.419335 -0.144804 -0.217127 0.611526
73 0.390683 -0.858642 1.136512 -0.144804 -0.217127 -0.195490
74 0.244808 -0.350257 -2.364144 -0.144804 -0.217127 -0.034087
75 1.557683 -1.092973 0.358588 -0.144804 -0.217127 -0.841104
76 -1.505691 2.131161 -1.197259 -0.144804 3.758055 -1.406015
77 1.849433 1.247492 -0.419335 -0.144804 -0.217127 -0.034087
78 0.828308 -0.612683 -0.419335 -0.144804 4.688575 -0.437595
79 -0.119879 0.253865 -0.419335 -0.144804 -0.217127 0.611526
80 -0.849254 -1.444809 -1.975183 -0.144804 -0.217127 -0.841104
81 -0.046942 0.548118 0.358588 -0.144804 -0.217127 -0.034087
82 0.098933 0.473887 -1.197259 -0.144804 -0.217127 1.176438
83 -0.703379 -0.505546 -1.586221 -0.144804 -0.217127 -0.679700
84 -0.630441 0.712782 1.136512 -0.144804 -0.217127 -0.034087
85 -1.286879 0.392942 -0.030373 -0.144804 -0.217127 -1.244612
86 -0.192816 0.319772 1.525474 0.886874 -0.217127 0.772930
87 1.338871 -0.859239 -0.030373 -0.144804 -0.217127 -1.970927
88 -1.359816 0.506746 -0.419335 -0.144804 -0.217127 -0.034087
89 0.755371 0.125090 -0.419335 -0.144804 -0.217127 -0.034087
90 -0.119879 -0.537723 -0.030373 -0.144804 -0.217127 0.772930
91 -0.411629 -0.218944 -2.364144 -0.144804 -0.217127 -0.034087
92 -0.265754 -1.190716 -0.419335 -0.144804 -0.217127 -0.034087
93 1.192996 1.555041 -2.364144 -0.144804 -0.217127 0.772930
94 0.755371 -1.005844 1.136512 -0.144804 -0.217127 3.597488
95 -0.630441 1.223904 1.136512 -0.144804 -0.217127 1.176438
96 -0.265754 2.511093 -0.030373 -0.144804 -0.217127 -0.034087
97 0.609496 -1.296073 -0.030373 -0.144804 -0.217127 0.450123
98 -0.557504 -1.482413 1.525474 -0.144804 -0.217127 0.369421
99 0.317746 0.073226 -0.030373 -0.144804 -0.217127 -2.777944
