1216 4
0 1
1 1
2 0
3 1
4 3
5 3
6 0
7 2
8 2
9 2
10 3
11 3
12 2
13 3
14 1
15 0
16 1
17 3
18 1
19 2
20 2
21 2
22 1
23 1
24 2
25 1
26 1
27 2
28 1
29 1
30 0
31 1
32 1
33 2
34 1
35 0
36 2
37 1
38 3
39 1
40 2
41 2
42 1
43 1
44 3
45 1
46 1
47 2
48 1
49 1
50 1
51 1
52 1
53 1
54 1
55 1
56 1
57 1
58 1
59 1
60 2
61 2
62 1
63 1
64 1
65 2
66 1
67 1
68 1
69 1
70 2
71 1
72 2
73 1
74 1
75 1
76 1
77 2
78 1
79 1
80 2
81 0
82 2
83 2
84 3
85 1
86 1
87 1
88 3
89 3
90 1
91 1
92 2
93 2
94 1
95 1
96 1
97 2
98 2
99 2
100 2
101 2
102 3
103 1
104 2
105 3
106 1
107 1
108 1
109 1
110 1
111 0
112 1
113 0
114 0
115 1
116 0
117 1
118 0
119 0
120 0
121 2
122 0
123 1
124 2
125 0
126 2
127 1
128 3
129 1
130 0
131 0
132 3
133 0
134 0
135 2
136 0
137 1
138 0
139 2
140 1
141 1
142 0
143 1
144 1
145 0
146 0
147 0
148 1
149 1
150 3
151 1
152 3
153 3
154 1
155 2
156 3
157 1
158 1
159 1
160 1
161 1
162 1
163 1
164 1
165 1
166 1
167 0
168 2
169 1
170 2
171 3
172 2
173 2
174 1
175 2
176 1
177 1
178 2
179 2
180 1
181 1
182 1
183 1
184 1
185 1
186 0
187 0
188 0
189 2
190 1
191 1
192 1
193 2
194 2
195 1
196 1
197 1
198 1
199 2
200 1
201 0
202 0
203 1
204 1
205 1
206 1
207 1
208 3
209 1
210 1
211 1
212 1
213 3
214 2
215 2
216 0
217 1
218 0
219 1
220 1
221 1
222 1
223 1
224 3
225 2
226 2
227 2
228 1
229 2
230 2
231 2
232 1
233 1
234 1
235 1
236 3
237 2
238 2
239 2
240 1
241 3
242 2
243 1
244 1
245 1
246 1
247 1
248 1
249 1
250 2
251 2
252 3
253 2
254 2
255 1
256 2
257 1
258 1
259 3
260 1
261 0
262 1
263 1
264 0
265 3
266 1
267 1
268 1
269 3
270 3
271 1
272 1
273 3
274 3
275 1
276 3
277 3
278 1
279 3
280 1
281 1
282 1
283 1
284 2
285 2
286 2
287 1
288 2
289 1
290 1
291 1
292 3
293 2
294 1
295 3
296 2
297 1
298 1
299 2
300 1
301 0
302 1
303 3
304 3
305 3
306 1
307 2
308 0
309 0
310 1
311 1
312 2
313 0
314 0
315 2
316 2
317 1
318 1
319 2
320 3
321 3
322 3
323 3
324 3
325 3
326 2
327 3
328 3
329 1
330 3
331 1
332 3
333 3
334 2
335 1
336 1
337 0
338 0
339 3
340 0
341 0
342 2
343 0
344 1
345 1
346 1
347 0
348 2
349 1
350 2
351 2
352 2
353 3
354 1
355 1
356 1
357 0
358 1
359 1
360 0
361 2
362 2
363 3
364 1
365 1
366 1
367 1
368 1
369 2
370 0
371 0
372 0
373 2
374 2
375 2
376 0
377 2
378 3
379 3
380 2
381 2
382 3
383 2
384 1
385 2
386 0
387 0
388 0
389 1
390 1
391 1
392 2
393 1
394 2
395 2
396 2
397 2
398 2
399 2
400 2
401 2
402 2
403 2
404 2
405 3
406 2
407 2
408 2
409 2
410 2
411 2
412 1
413 2
414 2
415 2
416 2
417 1
418 2
419 1
420 2
421 1
422 1
423 1
424 2
425 2
426 1
427 1
428 1
429 2
430 1
431 2
432 2
433 2
434 2
435 1
436 2
437 1
438 1
439 1
440 1
441 2
442 3
443 1
444 1
445 1
446 1
447 1
448 1
449 2
450 1
451 1
452 3
453 1
454 1
455 0
456 3
457 2
458 3
459 3
460 2
461 3
462 3
463 3
464 3
465 3
466 3
467 3
468 2
469 1
470 1
471 1
472 2
473 2
474 3
475 1
476 2
477 2
478 2
479 2
480 3
481 2
482 2
483 2
484 2
485 2
486 2
487 2
488 1
489 2
490 2
491 3
492 3
493 3
494 3
495 3
496 3
497 3
498 3
499 3
500 3
501 3
502 3
503 3
504 3
505 1
506 3
507 3
508 3
509 3
510 2
511 2
512 3
513 3
514 2
515 3
516 3
517 3
518 3
519 3
520 3
521 3
522 3
523 3
524 3
525 3
526 2
527 3
528 3
529 3
530 3
531 3
532 3
533 3
534 3
535 3
536 3
537 2
538 2
539 2
540 3
541 3
542 1
543 3
544 3
545 3
546 3
547 3
548 3
549 3
550 3
551 3
552 3
553 3
554 3
555 2
556 3
557 3
558 2
559 3
560 0
561 0
562 0
563 1
564 1
565 2
566 2
567 0
568 0
569 1
570 2
571 3
572 0
573 0
574 3
575 3
576 2
577 2
578 3
579 2
580 3
581 3
582 3
583 2
584 2
585 3
586 3
587 3
588 3
589 3
590 2
591 3
592 3
593 3
594 3
595 3
596 3
597 2
598 3
599 3
600 3
601 3
602 3
603 2
604 3
605 3
606 3
607 3
608 3
609 3
610 2
611 2
612 1
613 3
614 1
615 2
616 2
617 1
618 2
619 1
620 2
621 3
622 2
623 3
624 2
625 3
626 2
627 3
628 3
629 3
630 2
631 3
632 2
633 3
634 3
635 2
636 2
637 3
638 3
639 3
640 3
641 1
642 1
643 2
644 1
645 1
646 1
647 1
648 2
649 1
650 1
651 2
652 1
653 0
654 1
655 2
656 0
657 0
658 0
659 0
660 3
661 0
662 0
663 3
664 1
665 0
666 2
667 2
668 2
669 3
670 3
671 2
672 2
673 1
674 3
675 1
676 0
677 2
678 1
679 2
680 1
681 2
682 1
683 1
684 1
685 2
686 3
687 1
688 1
689 1
690 2
691 1
692 3
693 2
694 1
695 1
696 1
697 1
698 1
699 1
700 2
701 3
702 0
703 2
704 1
705 0
706 1
707 0
708 1
709 0
710 2
711 0
712 1
713 1
714 1
715 2
716 2
717 2
718 2
719 3
720 1
721 3
722 2
723 2
724 2
725 2
726 2
727 2
728 2
729 2
730 3
731 2
732 2
733 2
734 3
735 2
736 2
737 3
738 3
739 2
740 2
741 2
742 2
743 2
744 2
745 2
746 2
747 3
748 2
749 1
750 2
751 0
752 3
753 2
754 2
755 0
756 1
757 1
758 2
759 3
760 3
761 0
762 3
763 2
764 2
765 0
766 3
767 2
768 2
769 2
770 0
771 2
772 2
773 2
774 3
775 1
776 1
777 0
778 1
779 1
780 1
781 2
782 3
783 0
784 3
785 1
786 1
787 2
788 2
789 3
790 0
791 1
792 1
793 2
794 3
795 0
796 2
797 1
798 2
799 2
800 3
801 1
802 1
803 1
804 2
805 1
806 1
807 1
808 1
809 1
810 3
811 1
812 1
813 1
814 3
815 3
816 2
817 1
818 3
819 3
820 3
821 1
822 2
823 3
824 1
825 2
826 2
827 2
828 3
829 2
830 3
831 2
832 2
833 3
834 2
835 2
836 1
837 3
838 3
839 0
840 0
841 1
842 2
843 2
844 2
845 2
846 1
847 2
848 3
849 2
850 2
851 1
852 2
853 2
854 2
855 2
856 2
857 2
858 2
859 2
860 2
861 1
862 2
863 2
864 2
865 2
866 2
867 2
868 2
869 2
870 3
871 2
872 2
873 1
874 2
875 1
876 1
877 1
878 3
879 3
880 2
881 0
882 2
883 3
884 1
885 0
886 1
887 1
888 3
889 2
890 2
891 0
892 3
893 2
894 3
895 3
896 2
897 2
898 3
899 2
900 1
901 3
902 3
903 3
904 1
905 2
906 2
907 3
908 3
909 0
910 3
911 1
912 3
913 1
914 1
915 3
916 3
917 3
918 3
919 3
920 3
921 0
922 3
923 1
924 3
925 2
926 1
927 1
928 3
929 3
930 3
931 3
932 3
933 2
934 3
935 3
936 2
937 3
938 2
939 3
940 3
941 2
942 2
943 3
944 3
945 2
946 3
947 3
948 2
949 3
950 3
951 2
952 3
953 2
954 3
955 3
956 2
957 3
958 3
959 2
960 3
961 3
962 2
963 3
964 3
965 1
966 1
967 1
968 3
969 3
970 2
971 2
972 1
973 1
974 3
975 3
976 3
977 2
978 1
979 1
980 2
981 2
982 2
983 2
984 1
985 3
986 0
987 2
988 2
989 3
990 2
991 2
992 0
993 1
994 3
995 2
996 1
997 2
998 3
999 1
1000 3
1001 3
1002 3
1003 3
1004 2
1005 2
1006 2
1007 1
1008 2
1009 1
1010 3
1011 1
1012 1
1013 1
1014 3
1015 0
1016 3
1017 2
1018 2
1019 2
1020 2
1021 2
1022 2
1023 2
1024 2
1025 2
1026 1
1027 3
1028 1
1029 3
1030 3
1031 3
1032 2
1033 3
1034 3
1035 3
1036 3
1037 3
1038 3
1039 3
1040 3
1041 3
1042 3
1043 2
1044 2
1045 2
1046 1
1047 1
1048 2
1049 1
1050 3
1051 1
1052 2
1053 1
1054 2
1055 2
1056 3
1057 2
1058 3
1059 3
1060 3
1061 2
1062 1
1063 1
1064 3
1065 1
1066 2
1067 3
1068 2
1069 2
1070 2
1071 3
1072 3
1073 1
1074 1
1075 1
1076 3
1077 3
1078 2
1079 2
1080 2
1081 3
1082 3
1083 3
1084 2
1085 2
1086 3
1087 3
1088 3
1089 3
1090 2
1091 3
1092 1
1093 2
1094 3
1095 3
1096 3
1097 3
1098 2
1099 2
1100 3
1101 3
1102 3
1103 3
1104 3
1105 3
1106 2
1107 3
1108 3
1109 2
1110 3
1111 3
1112 3
1113 3
1114 3
1115 0
1116 3
1117 1
1118 1
1119 2
1120 2
1121 3
1122 3
1123 3
1124 2
1125 3
1126 2
1127 3
1128 3
1129 1
1130 3
1131 1
1132 2
1133 2
1134 3
1135 3
1136 3
1137 3
1138 3
1139 3
1140 2
1141 3
1142 3
1143 3
1144 3
1145 3
1146 3
1147 3
1148 3
1149 3
1150 2
1151 3
1152 3
1153 3
1154 3
1155 3
1156 3
1157 3
1158 3
1159 2
1160 3
1161 3
1162 3
1163 3
1164 3
1165 3
1166 3
1167 3
1168 1
1169 3
1170 3
1171 2
1172 0
1173 2
1174 1
1175 1
1176 3
1177 3
1178 3
1179 3
1180 3
1181 3
1182 3
1183 3
1184 3
1185 3
1186 3
1187 3
1188 3
1189 3
1190 3
1191 2
1192 2
1193 3
1194 3
1195 3
1196 3
1197 3
1198 2
1199 3
1200 2
1201 2
1202 3
1203 3
1204 3
1205 3
1206 0
1207 2
1208 3
1209 3
1210 3
1211 2
1212 0
1213 2
1214 1
1215 2
