100
0 2.682975142499867 -2.407059275481542 -0.9755943686869953 -0.7220743978033151 -2.640590899750097
1 1.6911165561983845 -1.3464433132540339 -0.6639782346905043 -0.4561916124307569 -1.5922883602529372
2 1.7249917451861767 -2.4606912948070176 -0.8377057752405728 2.1287154164450435 1.7640800558143375
3 1.8351301663833457 -2.4856548298195698 -1.285358026866564 2.109884175626031 1.2223322667106398
4 0.8434221196181962 0.05635536998821711 -0.09726959652089295 0.27624321895884374 1.1285080370804887
5 1.073767595886784 -0.4727388419219146 -0.9852018592116845 -1.064227312559496 -0.18939652771567328
6 -1.901866541837638 0.899158898162596 -0.14512111124436 -0.24272033746267552 1.403027525186133
7 2.819134514493074 1.8780787277366566 0.2898265303728228 -2.2560492703073765 -3.2802816883809007
8 -0.43884971547728613 -0.4108563218999479 -1.870977973529314 1.1187088225836779 -0.09182012424112496
9 1.8092420447559063 2.468000954762048 1.7276613937414966 0.1617697602076522 0.09071100528910558
10 1.6713329898560005 0.10963597012852366 -1.4917687915557514 -0.7395188705169549 0.9152190509878158
11 -3.000168761266611 -2.8197355329652942 -2.250250833037847 -2.577126512168892 1.144978759827254
12 -0.6241065872900158 1.008643207507458 0.20058928730552572 0.2930479821490021 0.30330764070716176
13 0.5878674676609275 -0.5704738282159277 -1.7468464734510323 0.8711306990031504 0.21068078452418304
14 -0.35265162049123044 -2.618425372344996 -4.1429299303032 -3.935600460623537 -2.94499003472923
15 1.9830292950170567 -0.6473081924382487 -0.8781796279025664 -1.2517205350786966 -0.3583723146766953
16 -1.5048250130644458 -0.39773025549949925 -3.957928738398936 -1.1077322842242285 1.4430166524543868
17 0.9432920920667549 -0.3321915268031219 -1.7263675996353967 -0.40576826859598536 1.2715644677495046
18 -0.4976061234130891 -1.436934904022918 -2.7724825674980442 1.6729527276479421 0.06073338339951051
19 2.6688036700009903 0.6307503919080149 -2.701302486716182 0.4833685229658413 2.1930566254130475
20 0.17953089067646844 -2.517021802199184 -1.4928197652696076 2.72787191593141 1.166375628529196
21 0.4049689305491586 -1.3595299071765234 -0.8595945670186509 2.632512900731341 -0.35285137442930026
22 0.9508748595872709 2.1744576861394025 2.1845459808532874 0.3868202786190269 -0.0766706677222565
23 0.12946139280012747 0.8708822557002597 0.17521846185657564 -1.9457001945607377 -1.0327216500766319
24 3.17468447913684 -0.43123400534951806 -0.9707874618721375 -0.5689453835339117 -3.1144647499123073
25 2.5203952582883593 -1.3093336820671824 -0.6454587498484144 1.0645770173400253 1.1317122359999274
26 0.586878682225366 -1.8798123429103328 -2.056113367080971 -1.750664099415657 -2.247376301857555
27 -0.7571346181254668 0.5002760489227405 -1.7277644500536042 -3.1950828405604152 1.0064316232377397
28 -2.4160506767268206 -1.5233810753204104 -0.5745855810967957 -2.394085584699555 0.1906335143205511
29 -2.881626715511209 0.9553572224621192 -1.8550616397495485 -1.7619379974723919 -0.9468789276053591
30 1.196818941456826 -1.605662399729257 -0.07583293514850176 0.05845569618396795 -1.0153413040832093
31 -1.0668424005991604 -2.207502800703865 -1.8104570549622752 -1.782311943923912 -0.6545274150489293
32 0.9347724857256857 -0.20893739477586948 2.730549663979003 0.04167667705503386 1.7707973917156403
33 0.5680593907714526 -1.7517032396639096 -0.18491885962897414 -0.826275184594543 1.1196376955985095
34 0.5697623945527746 0.2103285996033334 1.715242104747677 -0.27636560744888505 -0.8184555453383957
35 -1.1496217334299215 -1.2061091255847716 0.1302128015497468 -0.24749438201367557 1.7644259322347993
36 1.4289431628495655 -0.22619215499924172 -1.5805577333922274 -1.2035307871994574 2.0511886512640904
37 0.4977674012240618 -3.7097839754783704 -2.6880142974860624 2.517616549985239 2.006715839832979
38 -1.9644828141121335 -0.6425892143633831 -0.988481048434354 -1.5340126928757298 1.362746104149155
39 1.3781946562234366 -1.4168532002520455 -2.148312075884676 -1.959849185545191 -2.3194868738868024
40 -0.6852192389013272 0.40440296849468904 -0.8749405964178716 0.783255581931066 -0.14615150011820122
41 -0.6924213573449036 1.324039061406318 -0.5077379145854001 -1.6715825810447607 0.6625455554000961
42 0.2922157596739354 -0.5218806478895932 -1.806342232037558 0.2043383737843094 1.041613757391198
43 0.7765945917079219 0.3109759134030219 -1.3604241511667385 -0.6070068252390204 0.8281085529460104
44 1.5461352834633486 -3.2894714518353942 -1.7687836101381702 2.0072826700287134 2.412555234110785
45 2.7030437491921315 -0.10259018836264477 1.4486549427032624 0.9708197950430856 0.9002101510194254
46 1.09140488667478 -2.256870018592376 -0.31871373318746876 3.3435866363150217 0.4185525253869449
47 -0.08547199365571467 -0.448703647893243 -0.1885392189952413 -0.17505238965404735 0.2764794474908381
48 1.2316146445350713 -0.8451140203610887 -0.9334612803687263 -0.6626935951162042 -1.1750613402239358
49 2.021204397766006 -2.4316169748546743 -2.4720198621894798 0.8635514967618694 1.9759146226054263
50 1.8077933711840273 -1.062562217754171 -1.0994201250238762 0.8641899181543438 0.8954687334184135
51 1.0835869349180896 -1.552480248094515 -1.3674545200094097 0.5894430771441711 2.026204662347628
52 1.876314555784302 -3.5130857544658496 -2.8869815260301706 -2.8723219859529667 1.4122890927942922
53 3.7832994225093595 0.31220042575416707 2.2612100254732344 0.0970775445062948 1.6254422286902184
54 -0.785552935520094 -1.7567806969601856 -2.9870128604585764 -2.7159822972111565 -2.2382602751124274
55 4.626314840158511 -0.509922828273693 0.5842886748132683 1.6320216739770759 -4.1385492328063265
56 1.1709726133823306 -0.26423743563550883 -0.5782310962031725 0.5542768711435462 0.74335614732549
57 1.153898775242739 1.241932508048183 -1.0852837726131042 -1.4624974601044687 0.5652358644485173
58 0.8125201884767974 -1.4687044202491155 -0.3903947500231236 -0.4475011928451347 -0.27830877376418917
59 2.7189180558733357 -0.43399026632439497 0.14152023370724542 0.2804210945893253 -1.8079390191410614
60 1.6687240313179776 -0.08444429600767434 -0.45201466378911737 -2.334779340846116 -1.3937763918770965
61 1.8435093269196456 -0.9179261963836367 -0.6959266136549994 -0.06449547176475534 -2.865110919106705
62 2.0765819419489033 -2.4117726857563326 -0.06258098425926373 -4.347657331983945 0.11469457692428686
63 1.3143640552998352 -3.425265452511381 -1.0961776135058423 2.5066022636866316 2.6219703511875254
64 3.068082216497638 -0.9590880516553831 -0.21316986481443334 0.3637831778880556 -2.941089106478561
65 1.6009652631535316 -1.4914248671764674 0.25045883628111976 1.7199288217150255 1.4338061215959967
66 1.311197412007113 2.5020667171982223 2.4006361782551964 0.8108854449452543 0.36505292908463205
67 0.2604937881155702 -1.6223137053216599 -0.6601017714702012 -0.27552621142908074 -2.656117967081789
68 1.5502161058833672 -1.110197550145168 -0.28702788350754493 -0.22309909864344324 0.8612509160690458
69 0.3050115029831776 -3.089042212252488 -3.4311718485775162 0.8978028765693646 2.7335027471706326
70 -2.784276192278213 2.416510628572489 -1.1821803597234264 -2.670918614715278 1.6140028362307075
71 1.59279151231765 -2.034686623229983 -2.5523399503027604 -0.2680150478353711 2.9383114224231095
72 -0.9596178920504412 -0.9903662982464214 -1.496484972859003 -1.6678701151472657 0.07028534308429824
73 1.2083832577931046 0.9598154707333473 0.5331609202931369 0.4239742360825498 0.06241644638848198
74 -0.05109196647030223 -1.4753827809534328 -1.3640829254961597 -1.703625981982223 -0.011616116348694194
75 4.805960555716069 0.429888225513271 0.3461356023723918 1.171737683174078 -3.7766814787014056
76 2.488609834347969 -0.6026813556588929 -1.8929993826397187 -0.4538629536552763 1.118546143595125
77 3.88950365327866 -0.5048544826028658 1.2155076959162208 1.841876541332554 -2.404045054435633
78 -0.6072621285820017 0.24880740261441803 -0.7662896239685908 -0.5662462403436901 -0.17163843961461323
79 1.6975116933009506 -0.7446782837117825 -1.0586546603774145 -0.49757261202648595 -2.700312715657895
80 2.2375245130830166 1.1503796412447151 0.1506376562214673 -1.3780705704360718 1.1189721747201724
81 3.41080543371365 -2.730851388730507 0.5117485013902594 3.1696890753894427 1.0458989156060483
82 -0.5385309823959521 -1.1401828906972067 -0.563347879192339 -1.0047506813410452 0.31474517815744896
83 -0.5311399184528132 -2.6424848043383413 -3.257663698223665 -3.4362348265265132 -1.169392307196702
84 -0.015673891423387376 0.1332680212576216 -1.7583659561749512 -2.3250419193646614 0.23419296247250942
85 3.555557027195019 -0.10507974351744798 -0.5920020877762296 -0.14343020985590105 -2.8074328548616965
86 2.847226352205216 -0.13979550206963065 -0.14350537513330086 -1.762414831709434 -1.2474979126434427
87 2.235109537955723 0.937236835115377 0.20957816445485533 -1.4522996991856503 1.597668281569285
88 -2.205737326480022 -1.1345017412389864 -2.2636352854507242 -2.721210525384182 0.4488700747774681
89 -1.05723714739818 -2.0824460652127046 -2.501830060095047 -2.703719986276269 -0.3335343200924883
90 2.4142269199237703 2.653565657635915 0.5598891174068031 -1.1865583109540279 -0.7377847153885294
91 0.5030853507458467 -1.2620748977273932 -0.8970575850978132 1.0007196956759479 1.6143890603228541
92 0.9873756844215373 -0.011851074646478499 -0.32149644907064356 0.43548005003323265 0.6504260701043527
93 1.8187441845309888 -1.4520840361871592 -0.7078146689642044 -0.8940410225983767 -0.8187460000623429
94 -0.026576766787370087 1.5433904486131689 -1.0938208535140488 0.546115337423033 -2.852065867983004
95 -1.9220554462098258 1.9188043092980382 0.3986296836061788 -1.968840441240867 -0.46358423766148127
96 0.05837621519131253 0.2387798249678057 0.09161688188142891 -0.5721945297387829 1.907011609191116
97 1.4996906228512472 -0.6548157590641601 0.4111715851704354 -0.8797853071579708 -0.16921537485915816
98 1.320013033111917 1.307102533939784 1.3345647408588541 1.743287000832559 -0.9431930962202283
99 -2.426963970834228 -1.659319916681972 -3.126792666123822 1.947143688940618 0.4793444373823298
