100
0 0.18742107467322433 -0.18243848035700827 -2.364571035738969 0.02096779580620156 -1.2673298580562031
1 -1.090783906591644 -0.393358673543716 -2.652322301458674 -0.10433194500887111 -1.695283481970025
2 0.2387798249678057 0.09161688188142891 -0.5721945297387829 0.05837621519131253 1.907011609191116
3 0.1332680212576216 -1.7583659561749512 -2.3250419193646614 -0.015673891423387376 0.23419296247250942
4 -0.5704738282159277 -1.7468464734510323 0.8711306990031504 0.5878674676609275 0.21068078452418304
5 -1.4520840361871592 -0.7078146689642044 -0.8940410225983767 1.8187441845309888 -0.8187460000623429
6 -1.1631357059859904 -0.5407197358991302 -0.39212675460536994 0.4912629335269538 -0.5730618673307966
7 -0.509922828273693 0.5842886748132683 1.6320216739770759 4.626314840158511 -4.1385492328063265
8 -1.4753827809534328 -1.3640829254961597 -1.703625981982223 -0.05109196647030223 -0.011616116348694194
9 1.9188043092980382 0.3986296836061788 -1.968840441240867 -1.9220554462098258 -0.46358423766148127
10 -2.5036078503954005 0.3465142963691482 -0.5627476659760104 3.040556701288073 0.18605996016332993
11 -0.43123400534951806 -0.9707874618721375 -0.5689453835339117 3.17468447913684 -3.1144647499123073
12 0.5404072317981632 1.2415033214503126 -1.5347553281598014 0.07884398466908094 -2.631520507846804
13 1.4225201939826615 1.5927857631207145 -0.3721932008807479 2.4907094202920144 -1.5139483261591065
14 -2.4877133167279637 1.9806167717822296 -0.5647320274879245 -0.6835054267085163 -1.143401959285363
15 -0.5817071581133091 -3.6280229894261447 -3.616862836952012 -1.7362106241254773 -0.03353087219532691
16 0.24880740261441803 -0.7662896239685908 -0.5662462403436901 -0.6072621285820017 -0.17163843961461323
17 -2.1106976769834302 0.1878777511755051 -1.5526694466357185 2.7818931614982114 -1.8380527401274498
18 2.5020667171982223 2.4006361782551964 0.8108854449452543 1.311197412007113 0.36505292908463205
19 -0.6425892143633831 -0.988481048434354 -1.5340126928757298 -1.9644828141121335 1.362746104149155
20 0.2979808928165938 0.21933051575449025 -1.6855968976147913 0.9478615567113438 -0.9498530592122854
21 -2.1365248009073277 -1.2595366720967989 -4.07181292736256 -1.8800698109924001 -0.19178368736956974
22 -0.7990413635425607 0.5742354539574333 1.6917715468075065 2.2984334166104956 -3.3421143245011162
23 0.429888225513271 0.3461356023723918 1.171737683174078 4.805960555716069 -3.7766814787014056
24 0.31220042575416707 2.2612100254732344 0.0970775445062948 3.7832994225093595 1.6254422286902184
25 -1.651154690233148 -0.24565152165411575 -0.30783130764412725 2.2871059278908223 -1.3850350643679616
26 -2.0824460652127046 -2.501830060095047 -2.703719986276269 -1.05723714739818 -0.3335343200924883
27 -0.23639657452899754 -1.1208491530579092 -0.7623498834238831 0.8603528229210716 -1.7905650654988987
28 1.377894419299179 1.0639778269544584 -1.1011622395871852 -1.0674465899877572 -0.36275180113153105
29 -2.730851388730507 0.5117485013902594 3.1696890753894427 3.41080543371365 1.0458989156060483
30 0.9598154707333473 0.5331609202931369 0.4239742360825498 1.2083832577931046 0.06241644638848198
31 1.2454863064539088 0.9588613761332275 -1.1977514455558627 -0.056701588977638995 -0.8516731793648129
32 0.2989996687257249 1.5189186395944039 -0.9655257024367604 -2.7020489076505814 -0.5051414214571308
33 -1.8798123429103328 -2.056113367080971 -1.750664099415657 0.586878682225366 -2.247376301857555
34 -0.9469744828541349 0.7657031134862877 -0.18298989378607255 3.0978348445222834 0.39674676506566353
35 -0.5048544826028658 1.2155076959162208 1.841876541332554 3.88950365327866 -2.404045054435633
36 2.468000954762048 1.7276613937414966 0.1617697602076522 1.8092420447559063 0.09071100528910558
37 1.7117861393987712 -0.3020961451141613 -2.1827813469635777 2.25678171075057 -1.3391332655034385
38 0.3109759134030219 -1.3604241511667385 -0.6070068252390204 0.7765945917079219 0.8281085529460104
39 0.020138093925630818 1.2659870076688926 0.5677977067745394 -1.1653630370914265 3.2753971180402957
40 -1.8761228164608146 0.2402818725817406 -0.42127539253095614 1.7513309061288238 1.7890411919703801
41 -2.407059275481542 -0.9755943686869953 -0.7220743978033151 2.682975142499867 -2.640590899750097
42 -0.5656080610151395 -0.26001243416001185 -3.0363195591932293 0.8764859443907983 -3.454664898280741
43 0.05635536998821711 -0.09726959652089295 0.27624321895884374 0.8434221196181962 1.1285080370804887
44 1.6954326477145671 -0.2520263334613755 -2.197342846355137 0.37635135798007824 -0.5541362397020451
45 1.8780787277366566 0.2898265303728228 -2.2560492703073765 2.819134514493074 -3.2802816883809007
46 1.2825081729474928 0.2794211187670699 0.30633928577816705 -0.10381967159009586 0.3951004708806549
47 -0.66399501259038 -0.7732192791326742 -3.286351034937432 2.164492101417611 -3.4581764134979167
48 -1.3004175605826704 1.5734803763396359 2.21831720927557 4.13359522267003 -2.566718162559349
49 -2.207502800703865 -1.8104570549622752 -1.782311943923912 -1.0668424005991604 -0.6545274150489293
50 2.1744576861394025 2.1845459808532874 0.3868202786190269 0.9508748595872709 -0.0766706677222565
51 2.653565657635915 0.5598891174068031 -1.1865583109540279 2.4142269199237703 -0.7377847153885294
52 -0.39528595486192464 -0.28476571598743794 0.32459072436761094 3.0752242832535037 -2.558351401424813
53 1.241932508048183 -1.0852837726131042 -1.4624974601044687 1.153898775242739 0.5652358644485173
54 1.7459096943005838 0.8191283562598437 -1.6842925269245637 0.37311222832455093 -1.8962460794138445
55 -0.10507974351744798 -0.5920020877762296 -0.14343020985590105 3.555557027195019 -2.8074328548616965
56 -0.13979550206963065 -0.14350537513330086 -1.762414831709434 2.847226352205216 -1.2474979126434427
57 -2.618425372344996 -4.1429299303032 -3.935600460623537 -0.35265162049123044 -2.94499003472923
58 0.14907940939121134 -2.7249973041264637 -2.958519306184768 -0.6696332904867361 -0.41048716292819787
59 2.5897206088755005 1.6849753755222763 -0.13737973557552396 0.47696267612423127 0.10282100892279988
60 0.8839830697674261 1.725240780049604 -1.2020738356579554 -2.240408027456939 -1.813165818100174
61 -2.0296759313330357 -1.3100343733452633 -1.4135911428166732 0.3184206185301739 -0.8403683087241454
62 -1.7223859135791477 -1.5784696843020574 -2.3790011179217725 -0.022803048243078106 1.6884905181044727
63 -0.08670293130231133 0.514302790741878 -1.3788497613009874 0.3623652744657637 -0.6474525165919982
64 3.382169530532352 4.277675964684616 3.028472261038355 1.865938843534392 1.3836255281497647
65 -0.4727388419219146 -0.9852018592116845 -1.064227312559496 1.073767595886784 -0.18939652771567328
66 -0.0429858613584847 -1.0982881011749428 -0.3581247614806161 3.794431038443513 -4.492728531226895
67 -0.08444429600767434 -0.45201466378911737 -2.334779340846116 1.6687240313179776 -1.3937763918770965
68 -1.3464433132540339 -0.6639782346905043 -0.4561916124307569 1.6911165561983845 -1.5922883602529372
69 -0.9179261963836367 -0.6959266136549994 -0.06449547176475534 1.8435093269196456 -2.865110919106705
70 3.181048793879292 0.38050258060983577 -2.395575500329315 -2.259352767369086 -1.1477833938927966
71 2.528100470113068 3.207284328955926 0.8569261369327155 1.3714297095359465 -1.5485321483145327
72 2.5686224211040924 0.8970845588349023 -1.8280998921332516 -0.31767449103627743 -1.9959376288738926
73 -0.3726579828403951 1.0082753471988766 -0.21623096158774402 1.4516215972786426 0.5999067761748356
74 -1.4168532002520455 -2.148312075884676 -1.959849185545191 1.3781946562234366 -2.3194868738868024
75 -1.1014611875285827 -0.38920940034900275 -0.931894377840701 2.2395443011497393 1.5596818573201623
76 -0.9903662982464214 -1.496484972859003 -1.6678701151472657 -0.9596178920504412 0.07028534308429824
77 -0.9590880516553831 -0.21316986481443334 0.3637831778880556 3.068082216497638 -2.941089106478561
78 0.2103285996033334 1.715242104747677 -0.27636560744888505 0.5697623945527746 -0.8184555453383957
79 -0.15134601845856455 -0.6426588922877676 -0.9226849361478507 2.3317922205456196 -0.6702863566702616
80 -0.7446782837117825 -1.0586546603774145 -0.49757261202648595 1.6975116933009506 -2.700312715657895
81 1.6471280435583653 0.16137239175600349 0.7252400135033847 0.45885798420648716 -0.9048064905176358
82 -0.8451140203610887 -0.9334612803687263 -0.6626935951162042 1.2316146445350713 -1.1750613402239358
83 1.5796356266418319 0.3792025592839008 -1.158434015257093 0.8087899076947591 0.36666054513667157
84 0.2974490184476345 1.4101633531798436 0.019710348385880705 2.3576794662469256 -0.12505199350416518
85 -0.6475152436157652 2.193793346195439 0.5904370414041762 0.7859246318954627 -0.008905206189026571
86 1.4772617211936638 -0.05112413369526947 -3.2387699974579465 1.2443350418030872 -4.304650388380757
87 -2.034686623229983 -2.5523399503027604 -0.2680150478353711 1.59279151231765 2.9383114224231095
88 0.899158898162596 -0.14512111124436 -0.24272033746267552 -1.901866541837638 1.403027525186133
89 -0.19130570812739967 0.7144243001080989 -0.6867112584899191 3.1632732928955027 -0.7242958406144957
90 -0.9042690824996678 0.8275298028378204 -1.0136692448030598 0.11510405727136308 -0.5298187740040781
91 2.3959879614063673 1.9756794132258153 0.675444644243741 1.6266736298437356 0.8991766407078794
92 -2.6424848043383413 -3.257663698223665 -3.4362348265265132 -0.5311399184528132 -1.169392307196702
93 -0.448703647893243 -0.1885392189952413 -0.17505238965404735 -0.08547199365571467 0.2764794474908381
94 0.8708822557002597 0.17521846185657564 -1.9457001945607377 0.12946139280012747 -1.0327216500766319
95 2.3202711090020793 3.166443646668012 1.7013794393660993 2.9796236342406166 -0.041536829750910775
96 -1.7517032396639096 -0.18491885962897414 -0.826275184594543 0.5680593907714526 1.1196376955985095
97 4.099591481685083 1.8520653338485398 -0.45399924403016334 1.2606849399561555 -1.2676458317448216
98 -1.4687044202491155 -0.3903947500231236 -0.4475011928451347 0.8125201884767974 -0.27830877376418917
99 -3.2894714518353942 -1.7687836101381702 2.0072826700287134 1.5461352834633486 2.412555234110785
