1000
0 -0.922191 2.229368 1.525474 0.146932 -0.217127 -0.034087
1 0.463621 -0.443104 -0.030373 -0.144804 -0.217127 0.772930
2 -1.141004 0.257596 -0.419335 -0.144804 -0.217127 -0.034087
3 2.068246 0.412090 -0.419335 -0.144804 -0.217127 -2.697242
4 -0.046942 1.161017 1.136512 -0.144804 -0.217127 0.772930
5 1.265933 0.799664 1.136512 -0.144804 -0.217127 0.369421
6 -0.119879 0.002025 1.914436 -0.144804 -0.217127 0.772930
7 -0.703379 -0.556880 -0.419335 -0.144804 -0.217127 0.369421
8 -1.068066 0.154767 0.747550 -0.144804 -0.217127 -1.648120
9 0.901246 1.043218 0.358588 -0.144804 -0.217127 -0.034087
10 -1.359816 -0.754829 -0.419335 -0.144804 -0.217127 -0.034087
11 -1.141004 -0.567192 -0.030373 -0.144804 4.053340 -0.034087
12 -0.776316 -0.486086 2.303397 -0.144804 -0.217127 -0.034087
13 -0.630441 1.504957 -0.419335 -0.144804 -0.217127 -0.034087
14 0.463621 1.405651 -0.030373 -0.144804 -0.217127 -0.034087
15 0.171871 0.394723 1.136512 -0.144804 -0.217127 -0.034087
16 0.828308 -1.143587 2.303397 0.886874 -0.217127 1.579946
17 -0.411629 -0.013429 1.136512 -0.144804 -0.217127 -0.034087
18 -1.432754 0.833602 -3.531030 -0.144804 -0.217127 0.772930
19 0.901246 1.169303 -0.419335 -0.144804 -0.217127 -0.034087
20 0.463621 -1.009443 1.136512 -0.144804 -0.217127 0.772930
21 1.120058 -0.158766 1.914436 0.550049 -0.217127 0.772930
22 -0.922191 -0.711923 -0.419335 -0.144804 -0.217127 -0.034087
23 2.214121 -0.242059 -0.419335 -0.144804 -0.217127 -0.034087
24 1.411808 -0.472791 -0.419335 -0.144804 4.102968 -0.034087
25 0.171871 -0.043627 1.525474 -0.144804 -0.217127 -0.034087
26 -0.119879 -0.094629 -1.975183 -0.144804 -0.217127 0.772930
27 -1.068066 -0.140329 -0.419335 -0.144804 -0.217127 -0.034087
28 -0.776316 0.093765 1.136512 -0.144804 -0.217127 -0.034087
29 1.484746 -0.173377 1.525474 -0.144804 -0.217127 1.176438
30 -0.557504 -1.563973 -0.419335 -0.144804 -0.217127 0.772930
31 -0.557504 0.271374 -0.030373 -0.144804 -0.217127 -0.841104
32 -1.286879 1.782780 -0.030373 -0.144804 5.681130 0.611526
33 -0.411629 2.206888 -0.419335 -0.144804 -0.217127 -0.034087
34 -0.265754 -0.458208 -0.419335 -0.144804 -0.217127 -0.034087
35 -0.484566 -0.401969 1.136512 -0.144804 -0.217127 1.176438
36 -0.557504 -1.225677 -0.419335 -0.144804 -0.217127 -0.034087
37 -0.265754 -1.033921 0.358588 -0.144804 -0.217127 -0.034087
38 1.192996 0.631335 1.136512 -0.144804 -0.217127 -0.034087
39 0.901246 -1.566994 1.136512 -0.144804 -0.217127 -0.034087
40 0.828308 -0.487402 1.136512 -0.144804 -0.217127 0.772930
41 -0.484566 -0.187714 -0.030373 -0.144804 -0.217127 1.176438
42 -1.432754 -0.834400 -0.030373 -0.144804 -0.217127 -2.051629
43 1.849433 -0.722898 -0.419335 -0.144804 -0.217127 -0.034087
44 -1.213941 0.009099 -0.030373 -0.144804 -0.217127 -0.437595
45 0.901246 -0.069602 1.525474 -0.144804 -0.217127 -0.034087
46 0.098933 -0.326451 -1.586221 -0.144804 -0.217127 1.176438
47 -0.849254 0.043359 1.914436 -0.144804 -0.217127 -0.034087
48 -0.046942 1.446777 -0.030373 -0.144804 -0.217127 1.176438
49 -0.411629 -0.505035 -0.419335 -0.144804 -0.217127 0.772930
50 -0.265754 -0.416278 -0.419335 0.384186 -0.217127 -0.437595
51 1.411808 0.179691 1.136512 -0.144804 -0.217127 -0.034087
52 0.536558 -0.013173 -0.419335 1.871315 -0.217127 0.772930
53 -0.776316 2.578194 -2.364144 -0.144804 -0.217127 -0.034087
54 -0.995129 -1.060256 -0.419335 -0.144804 -0.217127 -0.034087
55 -0.265754 0.203128 -0.030373 -0.144804 -0.217127 -0.034087
56 -0.703379 -1.364641 -0.030373 -0.144804 -0.217127 -0.034087
57 1.630621 0.134323 -0.030373 -0.144804 -0.217127 -0.034087
58 -0.046942 -0.129657 -0.030373 -0.144804 -0.217127 -0.034087
59 2.359996 -0.595221 1.525474 -0.144804 3.284110 2.386963
60 0.609496 -0.420397 -1.197259 -0.144804 -0.217127 0.369421
61 -1.359816 -1.422178 -0.030373 -0.144804 -0.217127 2.386963
62 -0.119879 0.720367 -0.030373 -0.144804 4.465250 1.579946
63 0.025996 0.330264 -1.975183 0.443768 -0.217127 1.176438
64 -0.557504 -0.748285 1.136512 -0.144804 -0.217127 -0.034087
65 1.484746 0.589244 -1.586221 -0.144804 -0.217127 -1.244612
66 -1.213941 2.310588 0.747550 -0.144804 -0.217127 -0.356894
67 1.995308 0.086190 -0.419335 -0.144804 -0.217127 -0.034087
68 -0.776316 0.012906 -0.419335 -0.144804 -0.217127 -0.034087
69 1.484746 -0.793521 1.136512 -0.144804 -0.217127 -0.841104
70 -1.286879 -0.906103 -0.419335 -0.144804 -0.217127 -0.034087
71 1.849433 -1.505641 0.358588 -0.144804 -0.217127 -0.841104
72 -0.192816 -1.438276 -0.419335 -0.144804 -0.217127 0.611526
73 0.390683 -0.858642 1.136512 -0.144804 -0.217127 -0.195490
74 0.244808 -0.350257 -2.364144 -0.144804 -0.217127 -0.034087
75 1.557683 -1.092973 0.358588 -0.144804 -0.217127 -0.841104
76 -1.505691 2.131161 -1.197259 -0.144804 3.758055 -1.406015
77 1.849433 1.247492 -0.419335 -0.144804 -0.217127 -0.034087
78 0.828308 -0.612683 -0.419335 -0.144804 4.688575 -0.437595
79 -0.119879 0.253865 -0.419335 -0.144804 -0.217127 0.611526
80 -0.849254 -1.444809 -1.975183 -0.144804 -0.217127 -0.841104
81 -0.046942 0.548118 0.358588 -0.144804 -0.217127 -0.034087
82 0.098933 0.473887 -1.197259 -0.144804 -0.217127 1.176438
83 -0.703379 -0.505546 -1.586221 -0.144804 -0.217127 -0.679700
84 -0.630441 0.712782 1.136512 -0.144804 -0.217127 -0.034087
85 -1.286879 0.392942 -0.030373 -0.144804 -0.217127 -1.244612
86 -0.192816 0.319772 1.525474 0.886874 -0.217127 0.772930
87 1.338871 -0.859239 -0.030373 -0.144804 -0.217127 -1.970927
88 -1.359816 0.506746 -0.419335 -0.144804 -0.217127 -0.034087
89 0.755371 0.125090 -0.419335 -0.144804 -0.217127 -0.034087
90 -0.119879 -0.537723 -0.030373 -0.144804 -0.217127 0.772930
91 -0.411629 -0.218944 -2.364144 -0.144804 -0.217127 -0.034087
92 -0.265754 -1.190716 -0.419335 -0.144804 -0.217127 -0.034087
93 1.192996 1.555041 -2.364144 -0.144804 -0.217127 0.772930
94 0.755371 -1.005844 1.136512 -0.144804 -0.217127 3.597488
95 -0.630441 1.223904 1.136512 -0.144804 -0.217127 1.176438
96 -0.265754 2.511093 -0.030373 -0.144804 -0.217127 -0.034087
97 0.609496 -1.296073 -0.030373 -0.144804 -0.217127 0.450123
98 -0.557504 -1.482413 1.525474 -0.144804 -0.217127 0.369421
99 0.317746 0.073226 -0.030373 -0.144804 -0.217127 -2.777944
100 0.828308 0.527370 -0.030373 -0.144804 -0.217127 0.772930
101 -0.922191 1.764306 -0.419335 -0.144804 -0.217127 -0.276192
102 -1.359816 0.301278 -0.030373 -0.144804 -0.217127 -2.616540
103 -0.119879 -0.210052 -1.586221 -0.144804 -0.217127 -0.437595
104 0.025996 -1.501958 -0.030373 -0.144804 -0.217127 -0.034087
105 1.484746 -0.068219 1.136512 -0.144804 -0.217127 1.579946
106 0.682433 -0.322009 0.358588 0.886874 -0.217127 -0.034087
107 0.682433 0.742582 -0.030373 -0.144804 -0.217127 -0.034087
108 0.171871 -0.071552 1.525474 3.589525 -0.217127 -0.437595
109 -0.557504 -0.181350 -0.419335 -0.144804 -0.217127 4.727312
110 0.536558 -1.517260 0.747550 -0.144804 -0.217127 0.772930
111 0.317746 -0.955249 -0.030373 -0.144804 -0.217127 0.369421
112 1.265933 -0.862042 -2.364144 -0.144804 -0.217127 -0.034087
113 0.901246 -0.987104 -0.419335 -0.144804 -0.217127 1.176438
114 -0.192816 -1.449099 -0.030373 -0.144804 -0.217127 -1.244612
115 0.244808 -0.043627 -0.419335 -0.144804 -0.217127 -0.437595
116 -0.265754 -1.047453 -0.419335 -0.144804 -0.217127 2.548367
117 1.338871 -0.750425 -0.419335 13.274382 -0.217127 -0.034087
118 0.317746 -0.040256 1.136512 -0.144804 4.688575 0.772930
119 0.390683 1.013834 1.525474 -0.144804 -0.217127 -0.034087
120 1.192996 -0.829580 -1.586221 -0.144804 -0.217127 0.369421
121 -0.192816 -0.234824 1.136512 -0.144804 -0.217127 -0.034087
122 1.192996 -0.054877 1.914436 -0.144804 -0.217127 0.772930
123 -0.849254 0.030983 1.136512 -0.144804 -0.217127 -0.034087
124 0.901246 1.866509 1.136512 -0.144804 -0.217127 1.176438
125 1.120058 0.838669 -0.030373 1.266909 -0.217127 -0.841104
126 -0.922191 1.153688 1.136512 -0.144804 -0.217127 -0.034087
127 -0.046942 0.133508 -0.419335 -0.144804 -0.217127 -0.034087
128 -0.411629 -0.604227 -0.419335 -0.144804 -0.217127 -0.034087
129 -0.192816 -0.694168 1.525474 -0.144804 -0.217127 0.369421
130 -1.141004 -0.672056 1.136512 -0.144804 -0.217127 -0.437595
131 -0.776316 -0.079289 1.136512 -0.144804 3.663762 0.772930
132 0.901246 -0.138198 0.747550 0.550049 -0.217127 0.369421
133 -0.484566 -1.326906 -0.030373 0.348222 -0.217127 -0.034087
134 1.703558 -0.629662 -0.030373 -0.144804 -0.217127 -2.455137
135 -1.213941 0.007243 -0.030373 -0.144804 -0.217127 -1.648120
136 -1.068066 0.080337 -0.030373 -0.144804 -0.217127 -0.841104
137 0.025996 -0.607124 -0.419335 -0.144804 -0.217127 -0.034087
138 0.098933 -1.269824 1.136512 -0.144804 -0.217127 -0.034087
139 -0.046942 -0.521095 -0.419335 -0.144804 -0.217127 0.369421
140 -0.338691 0.605588 -0.030373 -0.144804 -0.217127 1.579946
141 -1.505691 -0.009925 -1.197259 -0.144804 -0.217127 -2.051629
142 -1.286879 -0.046477 -0.030373 -0.144804 -0.217127 -1.970927
143 -1.213941 -0.845802 -0.419335 -0.144804 -0.217127 0.208018
144 0.974183 -0.514428 -0.030373 -0.144804 -0.217127 -0.034087
145 1.703558 -0.689868 -0.030373 -0.144804 -0.217127 -0.034087
146 -0.703379 -0.707330 0.358588 -0.144804 -0.217127 -0.034087
147 -1.068066 1.294186 1.136512 -0.144804 -0.217127 -1.648120
148 -0.849254 0.607463 -0.030373 -0.144804 -0.217127 -0.034087
149 0.244808 0.724136 -0.030373 -0.144804 -0.217127 0.934333
150 0.901246 2.631999 -1.975183 -0.144804 -0.217127 -0.034087
151 -0.192816 -0.575553 -0.419335 -0.144804 -0.217127 0.611526
152 -0.557504 0.356627 -0.030373 -0.144804 -0.217127 -0.034087
153 -1.141004 0.419106 -0.030373 -0.144804 -0.217127 -1.648120
154 -1.432754 0.403368 -1.975183 -0.144804 -0.217127 -0.034087
155 -1.359816 0.280313 -0.419335 -0.144804 -0.217127 -0.356894
156 0.244808 0.684023 1.525474 -0.144804 -0.217127 0.772930
157 1.703558 -0.836048 -1.586221 -0.144804 -0.217127 -0.034087
158 0.828308 -0.902183 0.358588 -0.144804 -0.217127 0.772930
159 -0.265754 -0.070653 -0.030373 -0.144804 -0.217127 -0.034087
160 0.317746 -0.070170 -0.030373 -0.144804 -0.217127 -0.034087
161 0.755371 -0.005124 -0.419335 0.527907 -0.217127 0.772930
162 1.120058 -0.589085 -0.030373 -0.144804 -0.217127 0.611526
163 0.682433 0.464588 -0.419335 -0.144804 -0.217127 -0.034087
164 -1.286879 0.504227 -0.419335 -0.144804 -0.217127 -0.437595
165 0.025996 0.556621 -2.753106 -0.144804 -0.217127 -0.034087
166 -0.995129 1.902152 -0.030373 -0.144804 -0.217127 -1.244612
167 -1.286879 0.126179 -0.030373 -0.144804 -0.217127 3.193980
168 -0.703379 -1.479392 -0.419335 -0.144804 -0.217127 0.127316
169 1.703558 0.340832 -0.419335 -0.144804 -0.217127 -1.325314
170 -0.265754 -1.226567 -1.586221 -0.144804 -0.217127 -0.034087
171 1.776496 -1.032255 -0.030373 -0.144804 -0.217127 -0.034087
172 -1.286879 1.198071 -0.419335 -0.144804 -0.217127 -0.034087
173 -0.995129 -0.076590 -0.030373 -0.144804 -0.217127 1.176438
174 0.828308 0.803613 -0.419335 -0.144804 -0.217127 -0.034087
175 -0.192816 -0.128435 -0.030373 -0.144804 -0.217127 -0.034087
176 0.974183 -1.463710 2.303397 -0.144804 -0.217127 -0.034087
177 0.463621 1.857229 -2.753106 -0.144804 -0.217127 -0.034087
178 0.682433 0.012773 1.136512 -0.144804 -0.217127 -0.034087
179 1.047121 0.177437 -0.030373 0.508046 -0.217127 0.369421
180 -0.265754 -0.694063 -0.419335 -0.144804 -0.217127 -0.034087
181 0.390683 -1.154183 -0.419335 -0.144804 -0.217127 -0.034087
182 -0.192816 0.118774 -0.419335 -0.144804 -0.217127 2.306261
183 1.047121 0.108547 -0.419335 -0.144804 -0.217127 -0.034087
184 -0.192816 -0.218887 -0.030373 -0.144804 -0.217127 -0.034087
185 -1.432754 -0.623630 -0.419335 -0.144804 -0.217127 -0.034087
186 1.047121 -0.569484 1.136512 -0.144804 -0.217127 0.772930
187 0.317746 -1.482327 -0.030373 -0.144804 -0.217127 0.772930
188 -0.922191 -0.564815 -0.419335 -0.144804 -0.217127 -0.034087
189 -0.849254 0.452657 1.136512 -0.144804 -0.217127 -0.841104
190 -0.484566 -0.380038 -0.419335 -0.144804 -0.217127 -0.034087
191 -1.213941 -0.408361 -1.197259 -0.144804 -0.217127 0.772930
192 1.265933 -0.528822 -0.419335 -0.144804 -0.217127 -0.034087
193 -1.505691 -1.452508 -0.419335 -0.144804 -0.217127 -1.244612
194 0.828308 -0.890952 -0.419335 -0.144804 -0.217127 -2.293734
195 -1.432754 -0.642749 -0.030373 -0.144804 -0.217127 -0.841104
196 -0.265754 3.028304 1.136512 -0.144804 -0.217127 0.369421
197 0.317746 -1.106722 -0.030373 0.550049 -0.217127 -0.034087
198 0.171871 -0.194693 1.136512 -0.144804 -0.217127 -0.034087
199 -0.411629 -0.180044 1.136512 -0.144804 4.688575 -0.195490
200 -0.484566 1.012035 -0.419335 -0.144804 -0.217127 0.127316
201 0.390683 2.715141 -0.030373 -0.144804 -0.217127 -0.034087
202 1.849433 0.272965 1.136512 3.589525 -0.217127 1.176438
203 -0.922191 1.678323 -0.419335 -0.144804 -0.217127 -0.034087
204 -1.141004 1.185856 -0.419335 -0.144804 -0.217127 0.369421
205 0.025996 -0.111333 -0.419335 -0.144804 4.465250 -0.034087
206 -0.849254 -0.514835 1.525474 -0.144804 -0.217127 -0.034087
207 0.317746 0.014506 -0.030373 -0.144804 -0.217127 1.176438
208 0.025996 0.198345 1.914436 -0.144804 -0.217127 -0.760402
209 -0.995129 1.110233 -0.419335 -0.144804 -0.217127 -0.034087
210 0.098933 -0.082186 1.525474 -0.144804 -0.217127 0.772930
211 1.484746 -0.758474 -0.419335 -0.144804 -0.217127 1.176438
212 0.536558 -1.528737 -0.030373 -0.144804 -0.217127 1.418543
213 -0.484566 0.350671 1.136512 -0.144804 -0.217127 1.176438
214 -1.213941 -1.321252 -2.753106 -0.144804 -0.217127 -0.034087
215 -1.213941 1.240030 -2.364144 -0.144804 -0.217127 -0.437595
216 -0.338691 -1.106703 1.136512 -0.144804 -0.217127 -2.051629
217 0.901246 -0.402111 -0.419335 -0.144804 -0.217127 -0.034087
218 -0.046942 1.659934 -0.419335 0.320042 -0.217127 -0.034087
219 2.432933 -0.243773 -0.030373 -0.144804 -0.217127 -1.648120
220 -1.578629 -1.096978 -0.808297 -0.144804 -0.217127 -2.616540
221 -0.265754 -0.226292 -0.030373 -0.144804 -0.217127 -0.034087
222 -1.141004 0.740310 1.136512 -0.144804 -0.217127 -0.679700
223 1.922371 0.196177 1.136512 13.274382 -0.217127 1.983455
224 -0.922191 1.563591 -0.030373 -0.144804 -0.217127 -1.648120
225 -1.359816 -0.262324 -0.030373 -0.144804 -0.217127 -1.970927
226 1.120058 -0.366137 -0.030373 -0.144804 -0.217127 0.288720
227 -0.703379 0.396228 -0.419335 -0.144804 -0.217127 -0.437595
228 1.557683 0.089210 -1.586221 -0.144804 -0.217127 -0.034087
229 1.484746 -0.768616 -0.030373 0.245296 -0.217127 -0.034087
230 -0.922191 -1.446249 0.358588 -0.144804 4.750610 -0.034087
231 0.317746 0.170647 -0.419335 -0.144804 -0.217127 -0.034087
232 -0.411629 -0.836332 1.136512 -0.144804 -0.217127 -0.034087
233 -0.119879 -1.431742 -0.030373 -0.144804 -0.217127 -0.034087
234 -1.505691 -0.369205 -1.586221 -0.144804 -0.217127 -0.034087
235 -1.359816 2.090679 -0.419335 -0.144804 -0.217127 -1.648120
236 -0.557504 -1.489145 -0.030373 -0.144804 -0.217127 -1.648120
237 1.849433 0.250901 2.303397 -0.144804 -0.217127 0.772930
238 -0.922191 -0.374347 -0.419335 -0.144804 -0.217127 0.369421
239 -1.286879 -0.358647 -0.030373 -0.144804 -0.217127 -0.841104
240 -0.119879 0.528564 -0.419335 -0.144804 -0.217127 -0.034087
241 0.463621 -0.492980 -0.030373 -0.144804 -0.217127 -0.034087
242 0.317746 -0.119411 -0.419335 -0.144804 -0.217127 1.579946
243 -1.432754 -0.656261 -0.419335 -0.144804 -0.217127 -0.034087
244 -0.703379 1.238477 1.136512 -0.144804 -0.217127 -0.034087
245 -0.265754 1.304612 -0.030373 -0.144804 -0.217127 0.369421
246 1.192996 -0.308563 -0.030373 -0.144804 -0.217127 -0.034087
247 0.974183 0.944783 2.303397 -0.144804 -0.217127 1.579946
248 0.609496 -1.488170 -0.030373 -0.144804 -0.217127 -0.034087
249 1.192996 0.874586 1.136512 1.871315 -0.217127 0.772930
250 -0.703379 -0.084336 0.747550 -0.144804 -0.217127 1.579946
251 0.901246 0.287273 1.136512 -0.144804 -0.217127 -0.034087
252 -0.995129 0.119654 -0.030373 -0.144804 -0.217127 -0.034087
253 0.171871 1.537759 0.747550 -0.144804 -0.217127 -0.034087
254 -0.557504 -1.381071 1.136512 -0.144804 -0.217127 -0.034087
255 -0.265754 0.347025 1.136512 -0.144804 -0.217127 -0.034087
256 2.068246 0.656316 -0.419335 -0.144804 -0.217127 -1.325314
257 0.828308 -1.023798 -0.419335 -0.144804 -0.217127 -0.034087
258 -0.484566 -0.320854 -0.030373 -0.144804 -0.217127 -0.034087
259 0.828308 -0.113246 -0.030373 -0.144804 4.100486 0.611526
260 0.244808 -0.649690 1.136512 -0.144804 -0.217127 1.579946
261 0.317746 -1.208661 1.914436 13.274382 -0.217127 -0.034087
262 -1.359816 -0.306167 -0.030373 -0.144804 -0.217127 -1.244612
263 0.609496 -0.012103 1.525474 -0.144804 -0.217127 -0.195490
264 -0.995129 0.117126 1.525474 -0.144804 -0.217127 0.369421
265 0.609496 -0.827118 -0.419335 -0.144804 -0.217127 -0.034087
266 -0.849254 -0.802507 0.358588 -0.144804 -0.217127 -0.034087
267 -1.359816 1.559491 -0.030373 -0.144804 -0.217127 -0.437595
268 1.047121 -0.848794 2.303397 -0.144804 -0.217127 -0.034087
269 -1.286879 -1.487157 -0.419335 -0.144804 4.048377 -1.970927
270 -0.776316 1.129996 -0.030373 -0.144804 -0.217127 -0.034087
271 -1.432754 1.557152 -0.419335 -0.144804 -0.217127 -0.841104
272 -0.338691 -0.190981 -0.030373 -0.144804 -0.217127 -0.034087
273 0.609496 -0.286594 1.914436 -0.144804 -0.217127 1.176438
274 0.536558 0.800507 -0.419335 -0.144804 -0.217127 0.772930
275 1.192996 -0.451163 -0.419335 -0.144804 -0.217127 0.369421
276 1.484746 0.064561 -0.419335 -0.144804 -0.217127 -0.034087
277 2.287058 1.474153 1.136512 -0.144804 -0.217127 -0.034087
278 -0.338691 -0.113530 1.136512 -0.144804 -0.217127 1.176438
279 0.901246 1.740329 -0.030373 -0.144804 4.750610 -0.034087
280 -0.046942 -0.771987 1.525474 -0.144804 -0.217127 0.772930
281 -0.192816 -0.102735 1.136512 1.011137 -0.217127 -0.034087
282 -0.630441 0.442363 -1.197259 -0.144804 -0.217127 -0.841104
283 2.141183 0.328342 0.358588 -0.144804 -0.217127 -0.034087
284 -1.432754 -1.456391 -0.030373 -0.144804 -0.217127 -0.437595
285 -1.141004 1.238477 1.136512 -0.144804 -0.217127 -1.325314
286 1.120058 -0.820433 -0.419335 -0.144804 -0.217127 0.127316
287 -1.359816 -0.111438 -0.419335 -0.144804 -0.217127 -0.034087
288 0.025996 -0.046051 1.136512 -0.144804 -0.217127 -0.034087
289 -0.119879 0.112372 -0.419335 -0.144804 -0.217127 -0.034087
290 0.901246 -0.706790 -0.419335 -0.144804 -0.217127 -0.034087
291 0.828308 -0.274047 1.525474 0.834538 -0.217127 -0.034087
292 1.484746 1.664024 -0.030373 -0.144804 -0.217127 -0.034087
293 -0.338691 -0.117877 -0.419335 -0.144804 -0.217127 -0.034087
294 -0.557504 1.996828 -0.030373 -0.144804 -0.217127 -0.034087
295 -0.338691 -1.099204 1.525474 -0.144804 -0.217127 -0.034087
296 0.171871 -0.017633 -0.030373 -0.144804 -0.217127 0.772930
297 -0.776316 1.439779 -0.419335 -0.144804 -0.217127 -0.034087
298 -1.505691 1.543289 -0.030373 -0.144804 -0.217127 -1.648120
299 -1.068066 -0.688391 1.136512 -0.144804 -0.217127 0.369421
300 -0.119879 -1.487990 -0.419335 -0.144804 -0.217127 -0.034087
301 0.098933 1.251782 -0.419335 -0.144804 -0.217127 1.579946
302 -0.630441 -1.009424 -0.419335 -0.144804 -0.217127 -0.841104
303 -0.849254 0.564860 -0.030373 -0.144804 -0.217127 0.288720
304 -0.922191 1.781104 -0.419335 -0.144804 -0.217127 -0.034087
305 -0.630441 0.121075 -0.419335 -0.144804 -0.217127 -0.034087
306 1.338871 0.108850 0.747550 -0.144804 -0.217127 -0.034087
307 -0.046942 -0.032889 1.136512 -0.144804 -0.217127 -0.034087
308 -1.286879 0.878951 -0.030373 -0.144804 -0.217127 -0.034087
309 0.609496 0.929556 1.136512 -0.144804 -0.217127 -0.034087
310 0.828308 1.261100 0.358588 -0.144804 -0.217127 -0.034087
311 -0.849254 0.243922 1.136512 -0.144804 -0.217127 -1.970927
312 0.171871 1.288997 -0.419335 -0.144804 -0.217127 -0.034087
313 1.703558 0.196963 -0.419335 -0.144804 -0.217127 -0.195490
314 0.828308 -0.651025 -1.197259 -0.144804 -0.217127 -0.034087
315 0.390683 -0.498832 -0.030373 -0.144804 -0.217127 -1.244612
316 0.536558 -0.328818 -0.030373 -0.144804 -0.217127 -0.034087
317 2.287058 0.057526 -1.586221 -0.144804 -0.217127 0.369421
318 0.244808 -0.281556 1.136512 -0.144804 -0.217127 0.369421
319 1.120058 -0.886359 1.136512 -0.144804 -0.217127 -0.034087
320 -1.578629 0.617358 -1.197259 -0.144804 -0.217127 -1.648120
321 -0.265754 -0.439695 0.358588 -0.144804 -0.217127 0.288720
322 -0.484566 -1.086912 1.136512 -0.144804 -0.217127 -0.034087
323 0.171871 -0.070520 -0.030373 -0.144804 -0.217127 -0.841104
324 -0.849254 1.773358 -0.419335 -0.144804 -0.217127 -0.034087
325 1.047121 -0.745123 1.525474 -0.144804 4.502471 0.772930
326 -0.411629 -0.168444 -0.030373 -0.144804 -0.217127 -0.034087
327 0.463621 0.059221 -0.419335 -0.144804 -0.217127 1.579946
328 -1.359816 -0.210601 -0.030373 -0.144804 -0.217127 -0.034087
329 -0.119879 0.039685 -0.419335 -0.144804 4.502471 0.772930
330 -0.922191 -0.345588 -1.586221 -0.144804 -0.217127 -0.034087
331 -1.141004 -0.556416 1.136512 -0.144804 -0.217127 -0.034087
332 0.536558 -1.476002 1.136512 0.271598 -0.217127 -0.034087
333 -0.338691 -0.775273 -0.419335 -0.144804 -0.217127 -0.034087
334 -1.068066 -0.047216 1.136512 -0.144804 -0.217127 -0.034087
335 0.974183 -0.681706 1.136512 -0.144804 -0.217127 -0.195490
336 0.244808 -0.045843 -0.030373 -0.144804 -0.217127 -0.034087
337 -0.995129 -0.657142 1.136512 -0.144804 -0.217127 2.386963
338 0.390683 0.398936 -0.419335 -0.144804 -0.217127 0.934333
339 0.463621 -0.386013 1.136512 -0.144804 -0.217127 0.772930
340 0.098933 -0.973004 2.303397 -0.144804 -0.217127 0.772930
341 -0.922191 1.478319 1.136512 -0.144804 -0.217127 0.208018
342 -0.484566 -1.292853 -0.419335 -0.144804 -0.217127 -0.034087
343 -0.265754 -0.013457 -0.419335 -0.144804 -0.217127 0.611526
344 -1.578629 -0.197505 -1.586221 -0.144804 -0.217127 -1.244612
345 -1.141004 -0.409696 1.136512 -0.144804 -0.217127 1.176438
346 -1.432754 0.679506 -0.030373 -0.144804 -0.217127 -0.034087
347 1.995308 -1.318677 -0.808297 -0.144804 -0.217127 -1.648120
348 0.171871 0.201300 -0.030373 -0.144804 -0.217127 1.176438
349 -1.505691 -0.099061 -0.030373 -0.144804 -0.217127 -1.648120
350 -0.192816 0.337736 -0.419335 -0.144804 -0.217127 -0.034087
351 -0.995129 -0.142725 -0.419335 -0.144804 -0.217127 -1.244612
352 -0.119879 -0.743693 -0.030373 -0.144804 -0.217127 0.772930
353 1.192996 -0.626395 -0.419335 -0.144804 -0.217127 -0.034087
354 2.287058 0.880448 -0.419335 -0.144804 5.177408 -0.034087
355 1.411808 -0.808037 -0.030373 -0.144804 -0.217127 -0.034087
356 -0.338691 0.223118 1.136512 -0.144804 3.467733 -0.437595
357 1.411808 -0.785245 -0.419335 -0.144804 -0.217127 -0.034087
358 -0.630441 1.717053 1.525474 -0.144804 -0.217127 -0.034087
359 -1.213941 -0.622976 -0.030373 -0.144804 -0.217127 -1.648120
360 0.974183 -0.765397 1.136512 -0.144804 -0.217127 0.611526
361 2.068246 0.218184 1.525474 -0.144804 -0.217127 1.176438
362 -1.286879 -0.856654 -0.419335 -0.144804 -0.217127 -0.034087
363 0.317746 0.292841 -0.419335 -0.144804 -0.217127 -0.034087
364 1.192996 0.452297 -0.030373 -0.144804 3.514879 -0.034087
365 -0.338691 -0.587229 1.525474 -0.144804 -0.217127 1.176438
366 -0.703379 1.129513 -0.419335 -0.144804 -0.217127 -0.034087
367 -0.630441 -0.722519 -0.419335 -0.144804 -0.217127 -0.034087
368 -0.046942 -1.585364 2.303397 -0.144804 -0.217127 0.369421
369 -0.849254 -0.602295 1.136512 -0.144804 -0.217127 -0.034087
370 0.609496 0.088955 1.914436 -0.144804 -0.217127 -0.034087
371 -0.338691 2.242048 1.136512 -0.144804 -0.217127 -0.034087
372 -0.338691 -0.729905 -0.419335 -0.144804 -0.217127 -0.034087
373 -0.192816 -0.596471 1.136512 -0.144804 -0.217127 -0.437595
374 -0.776316 -0.218082 -0.419335 -0.144804 -0.217127 -0.034087
375 -0.046942 0.025311 1.525474 -0.144804 -0.217127 -0.034087
376 -1.359816 -0.960514 -0.030373 -0.144804 -0.217127 -0.034087
377 -0.849254 0.797940 -0.419335 -0.144804 -0.217127 -0.034087
378 -1.068066 2.490232 -0.030373 1.780064 -0.217127 0.772930
379 0.536558 0.144540 -0.030373 -0.144804 -0.217127 -0.034087
380 -0.484566 0.154218 -0.419335 -0.144804 -0.217127 -0.034087
381 0.901246 -1.338089 -0.419335 0.271598 -0.217127 0.934333
382 -0.776316 -0.568546 -0.030373 -0.144804 -0.217127 -0.034087
383 -1.141004 0.888563 -0.419335 -0.144804 -0.217127 -0.034087
384 0.828308 1.475204 -2.364144 -0.144804 -0.217127 -0.034087
385 -0.411629 0.090015 -0.030373 -0.144804 -0.217127 -0.034087
386 -1.213941 -0.520044 -1.586221 -0.144804 -0.217127 -0.034087
387 -0.703379 2.054847 -0.419335 -0.144804 -0.217127 -0.034087
388 0.317746 -0.693969 -0.419335 -0.144804 -0.217127 1.579946
389 -1.213941 0.144606 -0.419335 -0.144804 -0.217127 -0.034087
390 1.265933 0.381380 -0.419335 -0.144804 -0.217127 -0.034087
391 -0.119879 2.141823 1.136512 -0.144804 -0.217127 -0.034087
392 0.536558 0.025178 -0.419335 -0.144804 -0.217127 -0.034087
393 -0.922191 0.233316 -0.419335 -0.144804 -0.217127 -1.648120
394 1.192996 0.894207 -0.419335 -0.144804 -0.217127 -0.276192
395 0.244808 -1.415805 -0.419335 -0.144804 -0.217127 1.579946
396 -1.213941 -0.012918 -0.419335 -0.144804 -0.217127 -1.002507
397 1.484746 -0.785169 -2.364144 -0.144804 -0.217127 4.727312
398 -0.338691 -0.344102 1.136512 -0.144804 -0.217127 -0.034087
399 -0.776316 0.361504 -0.419335 -0.144804 -0.217127 -0.034087
400 -0.119879 0.565589 0.358588 -0.144804 -0.217127 -0.034087
401 -1.286879 0.365434 -0.030373 -0.144804 -0.217127 -0.841104
402 -1.286879 -0.183633 -0.030373 -0.144804 -0.217127 -1.244612
403 0.974183 0.006334 -0.030373 -0.144804 -0.217127 -0.034087
404 -1.359816 -0.297891 -0.030373 -0.144804 -0.217127 -0.841104
405 -1.213941 1.982481 -0.030373 -0.144804 -0.217127 1.176438
406 -1.432754 -0.312928 -0.419335 -0.144804 3.758055 -1.648120
407 -0.703379 0.516859 1.136512 1.011137 -0.217127 0.772930
408 -1.359816 1.107686 -0.030373 -0.144804 -0.217127 -1.648120
409 0.098933 -0.959217 -0.030373 -0.022151 -0.217127 -0.034087
410 0.317746 0.088074 -0.030373 -0.144804 -0.217127 -0.195490
411 -1.068066 -0.358381 -0.419335 -0.144804 -0.217127 -0.437595
412 -0.849254 -1.135453 -0.030373 -0.144804 -0.217127 1.579946
413 -1.359816 2.320445 -0.030373 -0.144804 -0.217127 -1.648120
414 0.828308 -0.738276 1.525474 -0.144804 -0.217127 0.772930
415 1.630621 0.024364 -1.586221 -0.144804 -0.217127 -0.034087
416 0.901246 0.075678 -0.030373 -0.144804 -0.217127 0.369421
417 0.755371 -0.694357 -0.419335 -0.144804 1.403219 1.579946
418 -0.119879 -0.392017 1.914436 -0.144804 -0.217127 -2.777944
419 1.484746 0.046484 -0.808297 -0.144804 -0.217127 -0.034087
420 1.120058 -0.480291 -0.419335 -0.144804 -0.217127 0.288720
421 0.609496 2.653741 0.747550 -0.144804 4.100486 -0.034087
422 -0.265754 -0.241197 -0.030373 -0.144804 -0.217127 -0.034087
423 -0.703379 0.378700 -0.419335 -0.144804 -0.217127 0.772930
424 0.098933 -0.361355 -0.030373 -0.144804 -0.217127 1.579946
425 0.025996 0.126946 -0.030373 -0.144804 -0.217127 -0.034087
426 2.505871 1.056276 -3.142068 -0.144804 4.088079 -1.648120
427 -0.776316 0.008152 1.136512 -0.144804 -0.217127 0.450123
428 -0.338691 1.226300 2.303397 -0.144804 -0.217127 0.772930
429 1.338871 0.548847 1.525474 -0.144804 -0.217127 -0.034087
430 0.609496 -1.321669 1.136512 -0.144804 2.606691 -0.034087
431 2.068246 -0.218490 -0.419335 0.103185 -0.217127 4.727312
432 -0.046942 -1.275638 1.136512 -0.144804 -0.217127 1.579946
433 0.098933 0.180742 1.136512 -0.144804 -0.217127 -0.034087
434 0.828308 -0.165612 1.914436 -0.144804 -0.217127 0.772930
435 -0.703379 0.008502 -0.419335 -0.144804 -0.217127 1.257140
436 -0.849254 0.861282 1.525474 -0.144804 -0.217127 -0.034087
437 -0.630441 -0.870630 -0.419335 -0.144804 -0.217127 -0.437595
438 -0.119879 -0.037121 -0.419335 -0.144804 -0.217127 -1.648120
439 2.287058 -0.013296 -0.419335 -0.144804 -0.217127 -1.970927
440 -1.068066 -0.821209 -0.030373 -0.144804 -0.217127 0.772930
441 -1.286879 1.528555 -0.419335 -0.144804 -0.217127 -0.034087
442 0.828308 -0.111144 -0.419335 -0.144804 -0.217127 -0.034087
443 0.974183 -0.032576 -0.419335 -0.144804 -0.217127 -0.034087
444 -1.505691 2.062176 -0.419335 -0.144804 -0.217127 -0.841104
445 -1.578629 1.527712 -0.808297 -0.144804 -0.217127 -1.970927
446 -0.922191 -0.506029 -0.419335 -0.144804 -0.217127 -0.034087
447 -0.922191 -0.110917 -0.030373 -0.144804 -0.217127 -0.679700
448 0.390683 -1.149079 1.525474 -0.144804 -0.217127 1.176438
449 -0.922191 -0.348562 -0.419335 -0.144804 -0.217127 -0.034087
450 -0.849254 0.115602 -0.030373 -0.144804 -0.217127 0.772930
451 -1.432754 -0.862278 -0.030373 -0.144804 -0.217127 -1.648120
452 0.974183 -0.346583 -0.030373 -0.144804 -0.217127 -0.034087
453 0.025996 0.339762 1.525474 -0.144804 -0.217127 -0.034087
454 -0.776316 0.363729 -0.030373 -0.144804 -0.217127 -0.034087
455 -0.338691 2.795820 -0.419335 -0.144804 -0.217127 -0.034087
456 0.317746 0.366049 -0.419335 -0.144804 -0.217127 -0.034087
457 -0.630441 0.506623 -0.419335 -0.144804 -0.217127 -0.034087
458 -1.213941 -0.724309 -0.030373 -0.144804 -0.217127 -1.648120
459 -0.849254 -0.103739 1.525474 -0.144804 -0.217127 -0.034087
460 -0.776316 0.133707 -3.531030 -0.144804 -0.217127 -0.195490
461 0.974183 -0.180886 -0.808297 -0.144804 -0.217127 -0.034087
462 -0.265754 -0.018495 -0.419335 -0.144804 -0.217127 -0.034087
463 -0.192816 -1.348013 -0.030373 -0.144804 -0.217127 -0.034087
464 -1.141004 0.806160 -0.419335 -0.144804 -0.217127 -1.244612
465 -0.557504 0.058965 -0.419335 -0.144804 -0.217127 -0.034087
466 -1.068066 1.768216 0.358588 -0.144804 -0.217127 -0.034087
467 1.047121 -0.240184 1.136512 -0.144804 -0.217127 -0.195490
468 -0.484566 0.547493 0.747550 -0.144804 -0.217127 0.611526
469 1.849433 -0.150660 -0.419335 -0.144804 -0.217127 -0.034087
470 -0.338691 -1.214295 -0.808297 -0.144804 -0.217127 -0.034087
471 -0.484566 0.170486 1.136512 -0.144804 5.847383 0.772930
472 -1.141004 -0.152734 -0.419335 -0.144804 -0.217127 -0.034087
473 0.682433 -0.766694 -0.419335 -0.144804 -0.217127 -0.034087
474 -0.849254 0.530259 -0.419335 -0.144804 -0.217127 -0.034087
475 -0.119879 -0.088275 1.136512 -0.144804 -0.217127 0.369421
476 -0.776316 0.214216 1.136512 -0.144804 -0.217127 -0.034087
477 -0.703379 0.885987 1.136512 -0.144804 -0.217127 -0.034087
478 1.120058 -0.490982 -0.808297 0.405523 -0.217127 -0.034087
479 1.265933 0.136217 -0.030373 -0.144804 4.368476 0.772930
480 0.974183 -1.113872 0.358588 -0.144804 -0.217127 -1.244612
481 -1.141004 -0.633194 -0.419335 -0.144804 -0.217127 -0.034087
482 1.047121 -0.494647 -2.364144 -0.144804 -0.217127 1.579946
483 0.755371 -0.363599 0.358588 -0.144804 -0.217127 -0.034087
484 -0.119879 -0.126617 -0.030373 -0.144804 -0.217127 -0.841104
485 1.703558 0.151311 1.914436 -0.144804 -0.217127 0.369421
486 -1.578629 -0.856294 -1.197259 -0.144804 -0.217127 -0.841104
487 0.171871 0.286023 -0.030373 -0.144804 -0.217127 -0.034087
488 0.755371 -0.797470 1.136512 -0.144804 -0.217127 -1.244612
489 -0.557504 0.242729 -0.419335 -0.144804 -0.217127 0.369421
490 0.171871 -1.259559 -0.419335 -0.144804 -0.217127 0.369421
491 -0.776316 -0.778891 1.136512 -0.144804 -0.217127 -0.437595
492 3.745808 -0.384413 0.747550 -0.144804 4.311404 0.772930
493 -0.265754 -1.364139 -0.030373 -0.144804 -0.217127 -0.034087
494 1.703558 -0.213688 1.136512 -0.144804 -0.217127 -0.034087
495 1.557683 0.322262 -3.142068 -0.144804 -0.217127 -0.195490
496 0.828308 -0.780273 -0.419335 -0.144804 -0.217127 0.772930
497 -1.286879 -0.713731 -1.197259 -0.144804 -0.217127 -0.034087
498 -1.141004 -1.578537 1.136512 -0.144804 -0.217127 -0.437595
499 0.974183 -1.510811 -0.030373 0.276161 -0.217127 0.127316
500 0.901246 1.177456 -0.419335 -0.144804 -0.217127 -0.034087
501 0.463621 0.499294 1.136512 -0.144804 -0.217127 1.579946
502 -0.630441 0.347830 -0.419335 -0.144804 -0.217127 -0.841104
503 -1.505691 -0.980220 -0.419335 -0.144804 -0.217127 -2.051629
504 -0.192816 -0.568859 -0.419335 -0.144804 -0.217127 -0.034087
505 0.536558 1.132050 -0.419335 -0.144804 -0.217127 -1.244612
506 0.171871 -0.445870 1.136512 -0.144804 -0.217127 0.772930
507 1.484746 -0.409772 0.358588 0.834538 -0.217127 -0.034087
508 -0.776316 -0.915156 -2.753106 -0.144804 -0.217127 -0.034087
509 0.901246 1.410528 1.525474 1.871315 -0.217127 1.579946
510 0.171871 -0.176710 -2.364144 -0.144804 -0.217127 -0.841104
511 -0.849254 -0.204134 1.136512 -0.144804 -0.217127 -0.034087
512 -1.068066 -0.143965 0.747550 -0.144804 -0.217127 -1.486717
513 0.682433 0.375594 -0.808297 -0.144804 -0.217127 -0.034087
514 0.244808 -1.159259 -3.142068 -0.144804 -0.217127 1.176438
515 0.901246 -1.385474 -0.030373 -0.144804 -0.217127 0.127316
516 -0.776316 0.027687 -0.419335 -0.144804 -0.217127 -0.034087
517 -0.411629 -0.903660 1.914436 -0.144804 -0.217127 0.127316
518 -0.630441 1.188782 -2.364144 -0.144804 -0.217127 -0.841104
519 0.025996 -0.953488 -0.030373 -0.144804 -0.217127 3.516787
520 -1.286879 0.337556 -0.419335 -0.144804 -0.217127 -0.034087
521 -1.068066 -0.470282 -0.419335 -0.144804 -0.217127 -0.437595
522 0.463621 -0.317672 0.358588 -0.144804 -0.217127 -0.679700
523 -1.141004 0.692025 -0.030373 -0.144804 -0.217127 -0.034087
524 -0.119879 1.551906 1.525474 1.871315 -0.217127 1.579946
525 0.390683 1.417402 1.525474 1.266909 -0.217127 1.579946
526 3.235246 -1.514751 -2.364144 -0.144804 -0.217127 -1.648120
527 -1.286879 0.399628 0.358588 -0.144804 -0.217127 -0.034087
528 0.901246 -1.270392 -0.419335 -0.144804 -0.217127 -0.034087
529 -1.578629 0.210277 -1.975183 -0.144804 -0.217127 -2.777944
530 -0.265754 0.320539 1.136512 -0.144804 -0.217127 -0.034087
531 2.068246 -0.799676 -0.030373 -0.144804 -0.217127 -1.244612
532 -0.995129 -1.198850 -0.030373 -0.144804 -0.217127 1.579946
533 1.411808 1.496434 -1.197259 -0.144804 -0.217127 -2.051629
534 0.682433 -0.237514 -0.030373 0.834538 -0.217127 1.579946
535 -0.557504 -0.655314 -0.030373 -0.144804 -0.217127 0.772930
536 1.922371 -0.159552 -0.030373 -0.144804 -0.217127 -0.034087
537 -0.995129 -0.805377 -1.197259 -0.144804 -0.217127 -0.034087
538 -0.776316 0.185041 1.525474 -0.144804 -0.217127 0.369421
539 -0.849254 -0.167184 1.136512 -0.144804 -0.217127 -0.034087
540 0.390683 -0.740331 -0.419335 -0.144804 3.514879 0.772930
541 -1.286879 -0.916320 -0.419335 -0.144804 -0.217127 -0.034087
542 0.244808 -0.685939 1.525474 -0.144804 -0.217127 0.369421
543 2.068246 0.444712 1.136512 -0.144804 -0.217127 -3.100750
544 -1.578629 -0.519835 -1.197259 -0.144804 -0.217127 -1.648120
545 -0.557504 1.069685 -0.030373 -0.144804 -0.217127 -0.034087
546 -0.630441 -0.905497 1.136512 0.301389 -0.217127 -0.437595
547 0.682433 -0.086476 0.358588 -0.144804 -0.217127 -0.034087
548 1.557683 -0.719735 -0.030373 -0.144804 -0.217127 -0.437595
549 0.682433 0.551413 1.136512 -0.144804 -0.217127 -0.034087
550 0.244808 -1.063333 -0.030373 -0.144804 -0.217127 -0.195490
551 -0.046942 -0.260411 -1.197259 -0.144804 -0.217127 -0.034087
552 -1.359816 -0.144628 -0.419335 -0.144804 -0.217127 -0.034087
553 -0.630441 0.063236 -0.030373 -0.144804 -0.217127 -1.244612
554 -0.776316 -0.767878 -0.030373 -0.144804 -0.217127 -0.034087
555 0.244808 0.422459 -0.419335 -0.144804 -0.217127 -0.437595
556 0.901246 1.052545 1.136512 -0.144804 -0.217127 -1.648120
557 0.317746 0.531973 -0.419335 -0.144804 -0.217127 0.288720
558 -0.849254 -0.278147 -0.030373 -0.144804 -0.217127 -0.034087
559 0.317746 2.198867 1.136512 0.774286 -0.217127 0.772930
560 -1.432754 0.059855 -0.419335 -0.144804 -0.217127 -0.034087
561 0.974183 -0.406742 1.136512 -0.144804 -0.217127 0.772930
562 0.536558 2.761229 1.136512 -0.144804 -0.217127 0.369421
563 -0.630441 0.231043 -0.030373 -0.144804 -0.217127 2.548367
564 -0.995129 -1.111429 -0.419335 -0.144804 -0.217127 -0.034087
565 0.828308 -1.450567 -1.586221 -0.144804 -0.217127 0.369421
566 -1.213941 -0.500906 -0.419335 -0.144804 -0.217127 -0.841104
567 0.609496 -0.133179 -0.030373 -0.144804 -0.217127 -0.034087
568 -1.068066 -0.090946 1.525474 0.774286 -0.217127 4.000997
569 0.755371 -0.065454 2.303397 -0.144804 -0.217127 -0.437595
570 -0.338691 -0.306574 -0.030373 -0.144804 -0.217127 -0.034087
571 -0.557504 -1.192771 1.136512 -0.144804 -0.217127 -0.034087
572 -1.286879 -0.300855 -0.419335 -0.144804 -0.217127 -0.034087
573 0.463621 -0.670200 0.358588 -0.144804 -0.217127 -0.034087
574 -1.286879 1.797875 -0.030373 0.447794 -0.217127 -1.325314
575 -1.286879 2.456720 -0.419335 -0.144804 -0.217127 -0.034087
576 -0.630441 0.547143 -0.030373 -0.144804 -0.217127 -0.034087
577 0.025996 -0.537723 2.303397 -0.144804 -0.217127 0.127316
578 0.317746 0.105782 -0.419335 -0.144804 -0.217127 -0.034087
579 0.390683 -1.088835 -0.030373 0.550049 -0.217127 0.772930
580 -0.557504 -0.479761 -0.419335 -0.144804 -0.217127 -1.244612
581 0.682433 -1.499959 -0.030373 0.550049 -0.217127 -0.034087
582 -1.505691 2.488452 -1.586221 -0.144804 -0.217127 -1.648120
583 1.265933 -1.295817 -0.030373 -0.144804 -0.217127 2.386963
584 1.703558 -0.259644 1.914436 -0.144804 3.822571 2.386963
585 0.171871 -0.790746 -0.419335 1.780064 -0.217127 0.611526
586 0.536558 0.489436 -0.030373 1.011137 -0.217127 0.772930
587 0.755371 -0.708949 1.136512 -0.144804 -0.217127 -0.034087
588 0.463621 2.459116 -0.030373 -0.144804 -0.217127 -0.034087
589 0.171871 0.156008 -0.419335 -0.144804 -0.217127 -0.034087
590 -0.849254 -1.559390 0.358588 -0.144804 3.663762 2.548367
591 -0.557504 0.032839 1.136512 -0.144804 -0.217127 0.127316
592 0.098933 -0.698202 1.136512 -0.144804 -0.217127 1.579946
593 0.755371 1.184710 0.358588 -0.144804 -0.217127 -0.034087
594 0.463621 -0.271793 -0.030373 -0.144804 -0.217127 -0.437595
595 2.287058 -0.617550 1.525474 -0.144804 5.356068 -2.616540
596 -0.265754 -0.741335 1.136512 -0.144804 -0.217127 0.772930
597 1.265933 0.655463 -0.030373 -0.144804 -0.217127 -0.034087
598 2.797621 -0.346119 1.914436 0.050448 -0.217127 -1.244612
599 -1.578629 -0.203225 -2.364144 -0.144804 -0.217127 -0.034087
600 -1.505691 -0.916642 -0.808297 -0.144804 -0.217127 -1.648120
601 0.609496 0.183639 -0.030373 -0.144804 -0.217127 -0.034087
602 -1.359816 -0.680617 -0.030373 -0.144804 -0.217127 -2.455137
603 0.390683 -0.480083 -0.419335 -0.144804 -0.217127 -0.195490
604 0.682433 -0.877714 -0.419335 -0.144804 -0.217127 0.369421
605 0.609496 -0.714394 0.747550 -0.144804 -0.217127 1.176438
606 0.390683 -0.163822 -3.142068 0.379623 -0.217127 1.579946
607 -0.557504 3.027376 -2.753106 -0.144804 -0.217127 0.369421
608 -1.578629 1.570930 -0.808297 -0.144804 -0.217127 -1.809524
609 0.317746 -0.613100 -0.419335 -0.144804 -0.217127 1.579946
610 1.120058 -0.405577 -0.030373 -0.144804 -0.217127 -0.034087
611 0.171871 -0.785822 1.525474 3.589525 -0.217127 0.772930
612 -0.484566 -0.739536 1.914436 -0.144804 -0.217127 -0.034087
613 0.463621 -1.306025 1.136512 -0.144804 -0.217127 0.127316
614 0.463621 0.059514 -0.419335 -0.144804 -0.217127 -0.034087
615 -1.068066 5.258043 -0.419335 -0.144804 -0.217127 -0.034087
616 -0.265754 -0.590496 0.358588 1.780064 -0.217127 -0.034087
617 -0.265754 0.010368 1.525474 -0.144804 -0.217127 -0.034087
618 0.536558 -0.066051 -0.030373 -0.144804 -0.217127 -0.034087
619 -1.505691 0.285758 -1.197259 -0.144804 -0.217127 -2.293734
620 0.609496 0.021712 1.136512 -0.144804 -0.217127 -0.034087
621 2.870558 -0.929237 1.136512 -0.144804 -0.217127 -3.020049
622 0.609496 0.208364 -0.419335 -0.144804 -0.217127 -0.034087
623 2.724683 0.325690 -1.586221 -0.144804 -0.217127 -1.648120
624 0.828308 -0.582570 1.136512 -0.144804 4.465250 0.772930
625 -1.068066 -0.846029 -0.030373 -0.144804 -0.217127 0.611526
626 1.265933 -0.190375 -0.419335 -0.144804 -0.217127 -0.034087
627 -0.849254 -0.880147 -0.419335 -0.144804 -0.217127 -0.114789
628 -0.776316 -0.666432 1.136512 1.871315 -0.217127 -1.002507
629 1.557683 -0.034697 -1.586221 -0.144804 -0.217127 -0.034087
630 2.432933 -1.077377 -0.030373 -0.144804 -0.217127 -2.939347
631 -0.046942 2.108198 -0.419335 -0.144804 -0.217127 -1.002507
632 0.025996 -1.494429 -0.030373 0.234829 -0.217127 4.000997
633 -1.213941 -0.682236 1.136512 -0.144804 -0.217127 -1.244612
634 0.098933 1.052753 -3.142068 -0.144804 -0.217127 -0.034087
635 1.192996 0.776928 -0.030373 -0.144804 -0.217127 0.369421
636 1.484746 5.315267 -0.419335 -0.144804 -0.217127 -0.034087
637 2.068246 1.523261 -0.030373 -0.144804 -0.217127 -2.051629
638 -1.359816 -1.566151 -0.419335 -0.144804 -0.217127 -0.437595
639 -0.849254 -0.945534 1.136512 -0.144804 -0.217127 -0.034087
640 -0.119879 -0.681621 -0.419335 -0.144804 -0.217127 -0.034087
641 1.411808 -0.147952 -0.030373 -0.144804 -0.217127 -0.034087
642 0.390683 1.293220 1.136512 -0.144804 6.102965 0.772930
643 0.682433 0.141709 2.303397 1.871315 -0.217127 0.369421
644 0.828308 1.862949 1.136512 -0.144804 -0.217127 1.579946
645 0.463621 1.522456 -0.419335 -0.144804 -0.217127 -0.034087
646 -1.359816 0.153697 -0.030373 -0.144804 -0.217127 -2.455137
647 -1.359816 0.102136 -2.364144 -0.144804 -0.217127 0.934333
648 0.536558 -0.485726 -2.364144 -0.144804 3.879643 -0.034087
649 0.755371 0.020424 -0.030373 -0.144804 -0.217127 -0.679700
650 -1.141004 -0.680825 -0.419335 -0.144804 -0.217127 -0.356894
651 1.484746 -1.483956 0.358588 -0.144804 -0.217127 -0.356894
652 1.557683 -0.585771 -2.364144 -0.144804 -0.217127 -0.034087
653 -0.119879 0.442174 -0.030373 -0.144804 -0.217127 -0.276192
654 0.828308 -0.579398 -0.419335 -0.144804 -0.217127 2.386963
655 2.068246 0.218695 -1.586221 -0.144804 -0.217127 -3.100750
656 -0.922191 1.759751 -1.586221 -0.144804 -0.217127 -1.648120
657 0.828308 0.045925 1.525474 -0.144804 -0.217127 0.772930
658 -0.703379 -0.672956 -0.419335 -0.144804 -0.217127 -0.034087
659 -0.557504 -0.031203 -1.975183 -0.144804 -0.217127 -0.034087
660 -0.922191 0.302661 1.136512 -0.144804 -0.217127 -0.034087
661 0.390683 -0.587788 1.136512 -0.144804 -0.217127 -0.034087
662 -1.286879 -0.066761 -0.030373 -0.144804 -0.217127 -0.034087
663 -1.432754 -0.046449 -0.419335 -0.144804 -0.217127 -1.163910
664 0.536558 0.004269 0.747550 -0.144804 -0.217127 -0.034087
665 -0.922191 -0.825622 1.136512 -0.144804 -0.217127 -0.034087
666 0.536558 -0.658439 1.914436 13.274382 -0.217127 1.579946
667 2.505871 -0.542732 -2.364144 -0.144804 -0.217127 -1.809524
668 -1.505691 1.759902 -1.197259 -0.144804 -0.217127 -1.648120
669 -1.359816 0.066086 -0.030373 -0.144804 -0.217127 -1.648120
670 -0.630441 0.049590 1.914436 -0.144804 -0.217127 1.176438
671 -0.995129 0.307045 -0.419335 -0.144804 -0.217127 -0.034087
672 -0.995129 -0.014632 -0.419335 -0.144804 -0.217127 -0.034087
673 -0.630441 -0.794629 1.136512 -0.144804 -0.217127 0.772930
674 -0.046942 -0.017207 0.358588 -0.144804 -0.217127 0.772930
675 -0.776316 -0.058153 -0.419335 -0.144804 -0.217127 -0.437595
676 -0.557504 0.665387 -2.364144 -0.144804 -0.217127 -0.034087
677 -0.338691 0.947576 -1.197259 -0.144804 -0.217127 -0.034087
678 0.828308 0.143688 -0.419335 -0.144804 -0.217127 -0.195490
679 1.922371 0.136150 -0.419335 -0.144804 -0.217127 -1.648120
680 -0.703379 0.433026 -0.419335 -0.144804 -0.217127 -0.034087
681 -0.630441 -0.434629 -0.419335 -0.144804 -0.217127 -0.841104
682 1.265933 0.072961 -2.364144 -0.144804 -0.217127 -0.034087
683 0.974183 -0.883547 2.303397 -0.144804 -0.217127 1.337841
684 -0.484566 -0.601225 -0.419335 -0.144804 -0.217127 -0.034087
685 -0.922191 -0.069431 0.358588 -0.144804 -0.217127 -0.034087
686 0.536558 1.291478 -0.030373 -0.144804 -0.217127 -0.034087
687 -1.432754 0.260692 -1.586221 -0.144804 -0.217127 -0.841104
688 0.390683 -0.830603 1.914436 -0.144804 -0.217127 -0.034087
689 0.025996 -0.057235 -0.030373 -0.144804 -0.217127 -0.034087
690 -0.338691 0.466349 -0.419335 -0.144804 -0.217127 -0.034087
691 0.901246 2.386040 -0.419335 -0.144804 -0.217127 -0.034087
692 0.025996 0.752857 1.136512 -0.144804 -0.217127 0.369421
693 -0.265754 0.333560 1.136512 -0.144804 -0.217127 -0.034087
694 -1.213941 -0.684651 -0.030373 -0.144804 -0.217127 -0.437595
695 0.609496 -1.227969 -0.419335 -0.144804 4.750610 0.127316
696 0.974183 -1.088532 -0.419335 -0.144804 -0.217127 -0.034087
697 1.995308 -0.060748 1.136512 -0.144804 -0.217127 -1.648120
698 0.025996 0.027934 -0.419335 -0.144804 -0.217127 1.257140
699 -0.849254 0.996818 -0.419335 -0.144804 -0.217127 -0.034087
700 -0.484566 -0.576074 -0.419335 -0.144804 -0.217127 -0.034087
701 -0.630441 0.617794 -0.419335 -0.144804 -0.217127 -0.034087
702 -0.703379 -0.649832 0.358588 -0.144804 -0.217127 -0.034087
703 -0.776316 0.055906 -0.030373 -0.144804 -0.217127 -2.051629
704 1.047121 0.400130 -0.419335 -0.144804 -0.217127 0.369421
705 0.463621 -0.040407 0.747550 -0.144804 -0.217127 -0.034087
706 -0.484566 0.231867 -0.419335 -0.144804 -0.217127 0.772930
707 -0.411629 -1.111012 1.914436 -0.144804 -0.217127 1.983455
708 -0.411629 0.171007 1.525474 -0.144804 -0.217127 -0.034087
709 1.411808 -0.498870 -0.419335 -0.144804 -0.217127 -0.034087
710 2.943496 -0.411164 2.303397 -0.144804 -0.217127 -0.034087
711 0.609496 -0.794345 1.136512 -0.144804 -0.217127 -0.034087
712 -0.192816 1.895647 -0.419335 -0.144804 -0.217127 0.772930
713 -0.995129 -0.657142 -0.030373 -0.144804 -0.217127 0.772930
714 -0.995129 -0.161768 1.136512 -0.144804 -0.217127 -0.034087
715 -1.213941 -0.890289 -1.197259 -0.144804 -0.217127 -0.034087
716 -0.119879 -1.314614 1.525474 -0.144804 -0.217127 0.369421
717 -0.849254 -0.298364 2.303397 -0.144804 -0.217127 2.386963
718 1.120058 -1.377728 -0.419335 -0.144804 -0.217127 -0.195490
719 -1.578629 -1.222524 -1.975183 -0.144804 -0.217127 -1.648120
720 -0.119879 0.715907 1.914436 -0.144804 -0.217127 -0.034087
721 -0.776316 0.221744 -1.197259 -0.144804 -0.217127 -0.034087
722 0.317746 1.447364 1.136512 -0.144804 -0.217127 1.579946
723 -1.068066 0.279120 1.136512 -0.144804 -0.217127 -0.034087
724 -0.922191 1.335482 -0.030373 -0.144804 -0.217127 -0.034087
725 -0.338691 -0.709953 2.303397 -0.144804 -0.217127 0.772930
726 -0.192816 0.811283 1.136512 -0.144804 -0.217127 -0.034087
727 1.630621 0.182333 1.525474 -0.144804 -0.217127 1.579946
728 -0.776316 1.030709 0.747550 -0.144804 -0.217127 -0.034087
729 0.025996 -0.693041 0.358588 -0.144804 -0.217127 -0.034087
730 -1.213941 1.376883 1.136512 -0.144804 -0.217127 -1.648120
731 0.755371 -1.209996 -1.197259 -0.144804 -0.217127 -0.034087
732 0.098933 -0.870962 -0.030373 -0.144804 -0.217127 0.611526
733 0.974183 -0.902183 -0.419335 -0.144804 -0.217127 -0.034087
734 1.047121 -0.947674 -0.030373 0.834538 -0.217127 0.369421
735 -1.141004 0.125526 0.358588 -0.144804 -0.217127 -0.034087
736 1.411808 1.231678 -0.419335 -0.144804 -0.217127 2.386963
737 -1.578629 0.824351 -0.419335 -0.144804 -0.217127 -1.648120
738 0.317746 -0.274520 -0.419335 -0.144804 -0.217127 -0.034087
739 -0.119879 1.407687 1.525474 -0.144804 -0.217127 1.579946
740 -0.192816 -0.007350 -0.808297 -0.144804 -0.217127 -0.034087
741 -0.776316 -0.828785 -0.030373 -0.144804 -0.217127 -0.034087
742 -0.776316 0.878052 -0.419335 -0.144804 -0.217127 1.579946
743 0.171871 -0.692889 -0.419335 1.673514 -0.217127 0.288720
744 -0.776316 1.079609 -0.419335 0.271598 -0.217127 -1.648120
745 0.025996 0.165913 -0.030373 -0.144804 -0.217127 -0.437595
746 0.171871 -0.615751 -0.030373 -0.144804 -0.217127 -0.034087
747 0.828308 -0.769090 -0.030373 -0.144804 -0.217127 -0.034087
748 1.338871 -0.185583 0.358588 -0.144804 -0.217127 -0.034087
749 1.047121 -0.457148 -0.419335 -0.144804 -0.217127 -0.034087
750 -0.557504 -0.528424 0.747550 -0.144804 -0.217127 -0.034087
751 -0.849254 -0.507440 -0.419335 -0.144804 -0.217127 0.611526
752 0.171871 -0.418768 0.358588 -0.144804 -0.217127 -0.034087
753 -0.776316 1.350198 -0.030373 -0.144804 -0.217127 -1.244612
754 -1.068066 -0.768626 -0.030373 -0.144804 -0.217127 -0.034087
755 1.120058 0.305397 1.914436 -0.144804 -0.217127 1.983455
756 1.630621 -0.339708 -0.419335 -0.144804 -0.217127 -0.034087
757 -0.849254 0.649289 -0.419335 -0.144804 -0.217127 -0.437595
758 -0.192816 -0.026942 0.747550 -0.144804 -0.217127 -0.034087
759 0.025996 0.002442 -0.419335 -0.144804 -0.217127 1.579946
760 -0.557504 0.110109 -0.419335 -0.144804 -0.217127 -0.034087
761 -0.265754 -0.537723 -0.030373 -0.144804 -0.217127 -0.034087
762 0.244808 -0.623336 1.136512 -0.144804 -0.217127 1.579946
763 0.974183 -0.246074 -0.419335 -0.144804 -0.217127 1.176438
764 0.755371 -1.243385 -0.030373 1.871315 -0.217127 0.772930
765 0.828308 -0.296508 1.525474 -0.144804 -0.217127 -1.244612
766 -0.922191 -0.194721 -0.030373 -0.144804 -0.217127 -0.034087
767 1.265933 -1.160111 2.303397 -0.144804 -0.217127 1.579946
768 0.390683 -0.885336 -2.364144 -0.144804 -0.217127 -1.648120
769 -0.922191 0.377441 -0.419335 -0.144804 -0.217127 1.257140
770 0.025996 1.601176 0.358588 0.886874 -0.217127 -0.034087
771 -1.068066 0.005955 1.136512 -0.144804 -0.217127 -0.034087
772 -0.849254 -0.748484 1.136512 -0.144804 -0.217127 -0.034087
773 -0.630441 -0.026894 -0.419335 -0.144804 -0.217127 -0.034087
774 -1.432754 0.085214 -0.419335 -0.144804 -0.217127 -0.034087
775 0.828308 0.838271 -0.419335 -0.144804 -0.217127 0.369421
776 -0.557504 0.701987 -1.586221 -0.144804 -0.217127 0.772930
777 1.776496 -0.204693 1.914436 -0.144804 -0.217127 -0.841104
778 0.828308 -0.761221 -0.419335 -0.144804 -0.217127 -0.034087
779 -0.849254 0.373681 1.136512 -0.144804 -0.217127 -0.841104
780 0.244808 -1.322370 -0.419335 -0.144804 -0.217127 -0.034087
781 -0.922191 -1.321565 -0.030373 -0.144804 -0.217127 -0.034087
782 0.682433 -1.472290 -0.419335 -0.144804 -0.217127 2.386963
783 0.682433 -0.444544 1.525474 -0.144804 -0.217127 -0.034087
784 -0.703379 -0.624861 -0.419335 -0.144804 -0.217127 -0.034087
785 -1.359816 1.158612 -0.030373 -0.144804 -0.217127 -0.034087
786 0.317746 -0.036288 -0.030373 -0.144804 -0.217127 0.611526
787 1.776496 0.865136 -1.975183 -0.144804 -0.217127 -0.679700
788 0.025996 -1.157460 -0.419335 -0.144804 -0.217127 -0.034087
789 -0.046942 -1.031156 1.136512 -0.144804 -0.217127 -0.034087
790 -0.776316 0.446928 1.136512 -0.144804 -0.217127 0.772930
791 0.171871 1.453149 -0.419335 -0.144804 -0.217127 -0.356894
792 0.974183 1.862949 1.136512 -0.144804 -0.217127 0.369421
793 -1.359816 -1.318781 -0.419335 -0.144804 -0.217127 -1.648120
794 2.068246 0.344951 -0.030373 -0.144804 -0.217127 0.288720
795 0.025996 -0.744905 1.525474 -0.144804 -0.217127 -0.437595
796 0.828308 -0.166834 -0.030373 -0.144804 -0.217127 -0.034087
797 -0.557504 -0.288601 -0.030373 -0.144804 -0.217127 -1.244612
798 1.047121 -1.103474 -0.419335 1.871315 -0.217127 1.579946
799 -1.578629 -0.076552 -1.197259 -0.144804 -0.217127 -1.970927
800 0.463621 0.081048 1.136512 -0.144804 4.502471 0.369421
801 -0.849254 -0.702879 -0.419335 -0.144804 -0.217127 1.579946
802 0.974183 -0.101788 -0.419335 -0.144804 -0.217127 -0.034087
803 0.244808 -0.022179 -1.586221 -0.144804 -0.217127 0.369421
804 1.192996 -0.303260 -0.030373 -0.144804 -0.217127 -0.034087
805 -0.703379 -0.521748 1.525474 -0.144804 -0.217127 -1.648120
806 -0.338691 -0.235942 -0.419335 -0.144804 -0.217127 -0.034087
807 -0.411629 -1.563973 -0.030373 -0.144804 -0.217127 1.579946
808 -1.286879 -0.976366 -0.030373 -0.144804 -0.217127 -0.841104
809 -0.630441 -1.032539 1.136512 -0.144804 -0.217127 -0.034087
810 2.432933 -0.112640 -1.586221 -0.144804 -0.217127 -2.051629
811 -0.484566 0.501784 -0.030373 -0.144804 2.606691 -0.034087
812 1.484746 0.257444 -0.419335 -0.144804 -0.217127 -0.034087
813 -0.630441 2.070623 -3.531030 -0.144804 -0.217127 -0.034087
814 -1.141004 -0.219096 -0.030373 -0.144804 -0.217127 -0.034087
815 0.025996 0.549879 -0.419335 -0.144804 -0.217127 -1.970927
816 0.390683 0.015074 -0.419335 -0.144804 -0.217127 -0.034087
817 1.192996 -0.534674 1.525474 -0.144804 -0.217127 0.772930
818 -1.141004 -0.815092 -0.419335 -0.144804 -0.217127 -0.034087
819 1.265933 -0.831578 -0.419335 0.400558 -0.217127 -0.034087
820 -1.068066 0.518441 -0.419335 -0.144804 -0.217127 -0.437595
821 -0.922191 0.528403 0.747550 -0.144804 -0.217127 -0.841104
822 -0.557504 0.083216 -0.030373 -0.144804 -0.217127 -1.809524
823 0.317746 0.486642 1.525474 -0.144804 -0.217127 0.369421
824 -1.068066 1.820317 -1.197259 -0.144804 -0.217127 -0.034087
825 0.171871 -0.191199 -0.419335 -0.144804 -0.217127 -0.841104
826 -0.776316 1.414145 -0.419335 -0.144804 -0.217127 -1.648120
827 -1.141004 -0.251992 -1.586221 -0.144804 -0.217127 -1.648120
828 0.171871 0.556252 -0.419335 -0.144804 -0.217127 -0.034087
829 0.244808 -0.303989 1.136512 -0.144804 4.502471 3.193980
830 0.755371 0.283580 1.136512 -0.144804 -0.217127 2.790472
831 0.244808 -1.482053 -0.419335 -0.144804 -0.217127 0.369421
832 0.682433 -0.043778 -0.419335 0.834538 -0.217127 0.772930
833 -0.557504 0.181973 -0.030373 -0.144804 -0.217127 -0.034087
834 -0.703379 -0.875687 0.358588 -0.144804 -0.217127 -0.034087
835 -0.557504 -0.252466 0.747550 -0.144804 -0.217127 -0.034087
836 -1.141004 -0.444099 1.136512 -0.144804 -0.217127 -1.809524
837 2.141183 0.920475 -2.364144 -0.144804 3.921826 -0.034087
838 -1.141004 0.020964 -0.030373 -0.144804 -0.217127 -0.195490
839 2.578808 -0.544986 -0.419335 -0.144804 -0.217127 0.611526
840 1.776496 2.224624 -0.419335 -0.144804 -0.217127 -0.034087
841 0.609496 1.457486 -0.419335 -0.144804 -0.217127 -0.034087
842 1.922371 -0.142620 -2.753106 -0.144804 -0.217127 -2.455137
843 0.390683 0.357328 0.358588 -0.144804 -0.217127 -0.034087
844 0.171871 -1.247504 -0.030373 -0.144804 -0.217127 -0.034087
845 -0.338691 1.982178 1.136512 -0.144804 -0.217127 -0.034087
846 -1.068066 -0.878954 -0.030373 -0.144804 -0.217127 -1.890225
847 -0.265754 0.471056 -1.586221 -0.144804 -0.217127 0.772930
848 0.901246 -0.901794 -0.419335 -0.144804 -0.217127 -0.034087
849 -0.995129 -1.033864 1.525474 -0.144804 -0.217127 -0.034087
850 0.244808 1.074694 1.136512 -0.144804 -0.217127 0.772930
851 0.317746 -0.184182 -0.030373 -0.144804 -0.217127 2.790472
852 0.609496 -1.548433 0.747550 -0.144804 -0.217127 -0.034087
853 1.849433 0.005339 -0.419335 -0.144804 -0.217127 -0.437595
854 0.317746 -0.085842 1.136512 1.011137 -0.217127 -0.034087
855 -1.286879 -0.329812 -0.030373 -0.144804 -0.217127 -0.034087
856 -1.068066 0.413018 0.747550 -0.144804 -0.217127 -0.276192
857 0.317746 -0.144590 1.525474 -0.144804 -0.217127 0.772930
858 0.098933 -0.154760 -0.419335 -0.144804 -0.217127 -0.679700
859 -1.432754 0.321808 -0.419335 0.405523 -0.217127 0.611526
860 1.630621 1.571745 -0.419335 -0.144804 -0.217127 -0.034087
861 0.755371 0.744012 -2.364144 -0.144804 -0.217127 -0.034087
862 -1.359816 -1.436164 -0.030373 -0.144804 -0.217127 -1.648120
863 0.828308 -1.474704 -0.419335 -0.144804 -0.217127 -0.034087
864 -0.995129 -0.754279 -0.419335 -0.144804 -0.217127 -0.034087
865 -0.557504 -0.673089 -0.030373 -0.144804 -0.217127 -0.034087
866 0.244808 0.047081 -0.419335 -0.144804 -0.217127 -0.034087
867 0.463621 1.027110 -0.419335 -0.144804 -0.217127 -1.244612
868 0.390683 0.197541 1.136512 -0.144804 -0.217127 -0.034087
869 -1.432754 -0.464704 -0.808297 -0.144804 -0.217127 -0.841104
870 0.609496 -0.389081 1.914436 -0.144804 -0.217127 -0.437595
871 0.098933 -0.204077 -0.419335 -0.144804 -0.217127 -0.034087
872 1.192996 1.378862 -0.030373 -0.144804 -0.217127 -0.034087
873 -1.141004 1.086351 -0.419335 -0.144804 -0.217127 -0.034087
874 0.536558 -0.084933 -0.030373 -0.144804 -0.217127 -0.034087
875 -0.849254 -0.116598 1.136512 -0.144804 -0.217127 0.369421
876 -0.776316 0.329933 -0.030373 -0.144804 -0.217127 -0.034087
877 1.557683 0.906233 -0.030373 -0.144804 -0.217127 0.772930
878 -0.338691 0.064845 -0.419335 -0.144804 5.916861 -0.437595
879 -1.213941 0.223733 0.747550 -0.144804 -0.217127 -1.244612
880 -0.119879 -0.135452 -0.419335 -0.144804 -0.217127 -0.034087
881 -0.046942 -0.606225 -0.030373 -0.144804 -0.217127 0.772930
882 -0.338691 -0.987748 1.136512 -0.144804 -0.217127 -0.034087
883 0.317746 -0.101144 1.525474 0.727050 -0.217127 0.772930
884 0.536558 -0.232040 1.136512 -0.144804 -0.217127 -0.034087
885 1.849433 -0.072158 -1.586221 -0.144804 -0.217127 0.772930
886 -0.046942 0.061162 -0.030373 -0.144804 -0.217127 -0.034087
887 -0.557504 -1.348146 -0.030373 -0.144804 4.100486 -1.648120
888 -1.286879 -0.152743 -0.030373 -0.144804 -0.217127 -0.034087
889 0.098933 -1.054981 -0.419335 -0.144804 -0.217127 -1.244612
890 -1.432754 -0.803199 -0.030373 -0.144804 -0.217127 -2.051629
891 1.265933 1.074079 -0.030373 -0.144804 -0.217127 0.772930
892 0.098933 -0.250458 1.136512 -0.144804 -0.217127 -0.034087
893 -1.432754 0.262813 -0.030373 -0.144804 -0.217127 -0.195490
894 -1.213941 -1.468218 -0.030373 -0.144804 -0.217127 -1.648120
895 0.098933 -1.590004 -0.030373 -0.144804 -0.217127 -0.841104
896 -0.484566 0.180836 -0.419335 -0.144804 -0.217127 1.579946
897 0.390683 -1.285079 -0.030373 -0.144804 -0.217127 0.369421
898 -1.213941 -0.304188 -0.419335 -0.144804 -0.217127 0.772930
899 0.171871 0.016921 1.525474 -0.144804 -0.217127 1.579946
900 -1.068066 2.943525 -0.419335 -0.144804 -0.217127 -0.034087
901 -0.557504 1.128263 1.525474 -0.144804 -0.217127 -0.034087
902 1.338871 -0.210289 -2.364144 -0.144804 -0.217127 -0.034087
903 -1.359816 0.045831 -0.030373 -0.144804 -0.217127 -0.034087
904 -0.192816 -1.194618 0.747550 -0.144804 -0.217127 0.611526
905 0.901246 -0.141191 -0.419335 -0.144804 -0.217127 -0.195490
906 0.244808 -0.142886 1.136512 0.550049 -0.217127 -0.034087
907 -0.046942 -0.730123 1.136512 -0.144804 -0.217127 1.176438
908 1.411808 -0.675749 -0.419335 -0.144804 -0.217127 -0.437595
909 -0.338691 -0.739327 -1.586221 -0.144804 -0.217127 -0.034087
910 -1.432754 1.062914 -0.030373 -0.144804 -0.217127 -0.437595
911 -1.359816 -1.404394 0.358588 -0.144804 -0.217127 -0.034087
912 0.317746 -1.482375 -0.030373 -0.144804 -0.217127 -0.437595
913 0.682433 1.440281 -0.030373 -0.144804 -0.217127 0.772930
914 0.682433 0.252151 -0.419335 -0.144804 -0.217127 0.208018
915 0.755371 0.389495 -0.419335 -0.144804 -0.217127 -0.034087
916 -0.557504 1.003048 -0.030373 -0.144804 -0.217127 -0.034087
917 0.025996 -0.002643 -0.030373 -0.144804 -0.217127 -0.841104
918 -1.505691 1.956440 -0.419335 -0.144804 -0.217127 -1.244612
919 -0.922191 -0.397197 1.136512 -0.144804 -0.217127 -1.648120
920 -0.557504 -0.221738 -0.419335 -0.144804 -0.217127 -0.034087
921 -1.286879 1.062952 -1.197259 -0.144804 -0.217127 -0.841104
922 0.171871 0.802050 -0.030373 0.834538 -0.217127 0.127316
923 0.755371 -1.187923 -0.419335 -0.144804 -0.217127 4.000997
924 1.995308 -0.173604 -0.030373 -0.144804 -0.217127 -0.034087
925 -0.630441 0.429248 -0.030373 -0.144804 -0.217127 -0.034087
926 -1.286879 -0.069848 -0.030373 -0.144804 -0.217127 -0.034087
927 -1.432754 0.021068 -0.419335 -0.144804 -0.217127 -1.244612
928 -1.505691 -0.659405 -0.030373 -0.144804 -0.217127 -1.648120
929 0.171871 1.521954 1.525474 -0.144804 -0.217127 1.579946
930 1.995308 0.955597 -2.364144 -0.144804 -0.217127 -0.034087
931 -0.046942 0.449106 -0.030373 -0.144804 -0.217127 -0.356894
932 -0.849254 2.181661 -0.419335 1.138352 -0.217127 0.772930
933 1.630621 -0.918281 -0.419335 -0.144804 -0.217127 -3.020049
934 2.214121 0.362129 -0.419335 0.318968 -0.217127 -0.841104
935 -0.995129 -0.155792 1.136512 -0.144804 -0.217127 -0.034087
936 2.724683 -0.140386 1.914436 1.114734 -0.217127 -1.244612
937 -1.141004 0.365197 -0.030373 -0.144804 -0.217127 0.530825
938 -0.922191 -0.283440 -0.419335 -0.144804 -0.217127 -0.034087
939 0.536558 -1.561852 -0.419335 -0.144804 -0.217127 0.611526
940 2.141183 -0.579455 2.303397 -0.144804 -0.217127 1.176438
941 -0.046942 -1.174590 -0.030373 -0.144804 -0.217127 0.369421
942 1.120058 0.460147 1.136512 -0.144804 -0.217127 0.772930
943 0.974183 0.498820 -2.364144 -0.144804 -0.217127 -0.034087
944 0.025996 -0.120235 1.136512 -0.144804 -0.217127 -0.034087
945 0.317746 0.624707 -2.753106 -0.144804 -0.217127 -0.034087
946 1.557683 -0.332142 -0.419335 0.271598 -0.217127 -0.437595
947 0.609496 -1.540394 -0.030373 -0.144804 -0.217127 -0.437595
948 -0.411629 -0.065814 1.136512 -0.144804 -0.217127 -0.034087
949 0.025996 -0.794117 1.525474 -0.144804 -0.217127 0.611526
950 1.557683 -0.827194 0.747550 -0.144804 -0.217127 0.369421
951 0.974183 -0.041487 1.525474 -0.144804 -0.217127 -0.034087
952 1.630621 2.722887 -2.364144 -0.144804 -0.217127 1.095736
953 2.141183 -1.241605 -0.030373 -0.144804 4.088079 0.611526
954 1.120058 -1.298251 -2.364144 -0.144804 -0.217127 2.386963
955 3.089371 -0.046420 -0.030373 -0.144804 -0.217127 -1.244612
956 2.141183 -0.090737 -0.419335 -0.144804 -0.217127 -1.406015
957 2.578808 -1.400786 -0.419335 -0.144804 5.115373 -0.841104
958 1.120058 -0.807280 -0.030373 0.405523 -0.217127 -0.034087
959 1.192996 0.177901 1.525474 -0.144804 -0.217127 -0.034087
960 0.171871 -0.249777 -0.419335 -0.144804 -0.217127 1.741350
961 -0.776316 0.127902 0.358588 -0.144804 -0.217127 1.176438
962 0.755371 -0.910080 0.747550 -0.144804 -0.217127 0.369421
963 1.265933 -0.752120 1.136512 -0.144804 -0.217127 -0.034087
964 -0.557504 1.598411 -0.030373 -0.144804 -0.217127 -0.034087
965 -0.922191 -0.010370 -0.030373 -0.144804 -0.217127 -1.244612
966 -0.411629 -0.785907 1.136512 -0.144804 -0.217127 -0.034087
967 0.609496 -1.364547 -0.030373 -0.144804 -0.217127 -0.034087
968 -0.046942 -0.073115 1.136512 -0.144804 -0.217127 -0.437595
969 0.025996 1.185174 -0.030373 -0.144804 -0.217127 -0.034087
970 2.724683 1.322793 -0.419335 -0.144804 -0.217127 -2.213032
971 0.682433 0.141709 1.525474 -0.144804 -0.217127 0.772930
972 1.922371 -1.167620 -1.197259 0.716448 -0.217127 -0.437595
973 -0.192816 0.031835 -0.419335 -0.144804 -0.217127 1.579946
974 -0.046942 -0.478056 1.136512 1.870778 -0.217127 0.369421
975 -0.557504 2.627236 1.136512 -0.144804 -0.217127 0.369421
976 1.047121 0.588429 -2.753106 -0.144804 -0.217127 -0.841104
977 3.089371 -1.272220 1.136512 -0.144804 -0.217127 -2.939347
978 -1.141004 -1.348884 -0.030373 -0.144804 -0.217127 -0.034087
979 -1.068066 0.126539 0.747550 -0.144804 -0.217127 -0.034087
980 0.755371 -0.216615 -0.419335 -0.144804 -0.217127 -0.034087
981 0.390683 -0.818454 1.136512 -0.144804 -0.217127 -0.034087
982 -0.557504 0.720073 1.136512 -0.144804 -0.217127 -0.034087
983 -0.484566 -0.083266 -1.197259 -0.144804 -0.217127 -0.034087
984 -0.630441 0.085186 -0.419335 -0.144804 -0.217127 -0.034087
985 0.390683 -1.042898 0.358588 -0.144804 -0.217127 -0.034087
986 0.828308 0.203137 -1.586221 -0.144804 -0.217127 -0.034087
987 -0.338691 0.721030 -0.030373 -0.144804 -0.217127 0.369421
988 0.828308 -0.438540 -0.419335 -0.144804 -0.217127 -2.293734
989 -0.557504 1.473566 1.136512 -0.144804 -0.217127 -0.034087
990 -0.046942 0.830307 -0.030373 -0.144804 -0.217127 -0.034087
991 -1.213941 0.011854 -1.197259 -0.144804 -0.217127 -1.244612
992 0.390683 -0.314869 -0.030373 -0.144804 -0.217127 0.288720
993 -0.338691 -0.008789 -0.419335 -0.144804 -0.217127 -1.648120
994 -0.192816 0.148621 -0.419335 -0.144804 -0.217127 -1.244612
995 -1.432754 3.619112 -0.419335 -0.144804 -0.217127 -0.841104
996 1.557683 -0.037074 -1.197259 -0.144804 -0.217127 -0.034087
997 2.068246 -0.753219 -0.419335 -0.144804 -0.217127 -0.679700
998 1.120058 2.366827 -0.030373 -0.144804 -0.217127 -0.034087
999 2.287058 -1.276623 2.303397 -0.144804 -0.217127 -1.648120
