1000 2
0 1
1 0
2 0
3 1
4 0
5 0
6 0
7 0
8 0
9 1
10 0
11 1
12 1
13 0
14 0
15 0
16 0
17 0
18 0
19 0
20 0
21 0
22 0
23 1
24 0
25 1
26 0
27 1
28 0
29 0
30 0
31 0
32 0
33 0
34 1
35 1
36 0
37 0
38 0
39 0
40 1
41 1
42 0
43 0
44 0
45 0
46 0
47 1
48 0
49 0
50 1
51 0
52 0
53 0
54 1
55 0
56 1
57 1
58 1
59 0
60 1
61 0
62 0
63 0
64 0
65 1
66 0
67 0
68 0
69 0
70 0
71 0
72 0
73 0
74 0
75 1
76 0
77 0
78 0
79 0
80 0
81 1
82 0
83 1
84 1
85 0
86 0
87 1
88 0
89 1
90 0
91 0
92 0
93 0
94 0
95 0
96 0
97 0
98 0
99 1
100 0
101 1
102 1
103 0
104 1
105 0
106 0
107 1
108 1
109 1
110 0
111 0
112 0
113 0
114 1
115 1
116 0
117 0
118 0
119 0
120 0
121 0
122 0
123 1
124 0
125 1
126 1
127 1
128 0
129 0
130 0
131 1
132 0
133 1
134 0
135 1
136 0
137 1
138 1
139 0
140 0
141 0
142 1
143 0
144 0
145 1
146 0
147 0
148 1
149 0
150 0
151 1
152 0
153 1
154 0
155 1
156 0
157 1
158 0
159 1
160 1
161 0
162 0
163 1
164 1
165 0
166 1
167 0
168 1
169 0
170 1
171 1
172 0
173 0
174 0
175 0
176 0
177 0
178 1
179 1
180 0
181 1
182 0
183 0
184 0
185 1
186 0
187 0
188 0
189 1
190 0
191 0
192 1
193 0
194 1
195 1
196 1
197 0
198 0
199 1
200 0
201 1
202 0
203 0
204 1
205 0
206 1
207 0
208 0
209 0
210 0
211 0
212 0
213 0
214 0
215 0
216 1
217 1
218 0
219 1
220 1
221 0
222 1
223 0
224 0
225 1
226 0
227 0
228 0
229 0
230 0
231 0
232 1
233 1
234 0
235 0
236 1
237 0
238 1
239 1
240 0
241 0
242 0
243 0
244 0
245 1
246 0
247 0
248 1
249 0
250 0
251 1
252 1
253 0
254 1
255 1
256 1
257 0
258 0
259 0
260 0
261 0
262 1
263 0
264 0
265 0
266 0
267 0
268 0
269 1
270 1
271 0
272 0
273 0
274 0
275 0
276 1
277 0
278 0
279 0
280 0
281 0
282 0
283 1
284 1
285 0
286 0
287 0
288 0
289 0
290 0
291 0
292 0
293 1
294 0
295 0
296 0
297 0
298 1
299 0
300 0
301 0
302 0
303 0
304 0
305 0
306 1
307 0
308 1
309 1
310 0
311 1
312 0
313 1
314 0
315 0
316 1
317 0
318 1
319 0
320 0
321 0
322 1
323 1
324 0
325 0
326 1
327 0
328 1
329 0
330 0
331 1
332 0
333 0
334 1
335 0
336 1
337 0
338 1
339 0
340 0
341 0
342 0
343 1
344 0
345 0
346 0
347 0
348 0
349 1
350 1
351 1
352 0
353 1
354 0
355 0
356 0
357 0
358 1
359 1
360 0
361 0
362 0
363 1
364 0
365 0
366 0
367 0
368 0
369 1
370 0
371 0
372 1
373 0
374 1
375 0
376 1
377 0
378 0
379 0
380 0
381 0
382 0
383 0
384 0
385 0
386 1
387 0
388 0
389 0
390 0
391 0
392 0
393 1
394 1
395 0
396 1
397 1
398 0
399 1
400 0
401 0
402 1
403 0
404 0
405 1
406 1
407 0
408 0
409 1
410 0
411 0
412 1
413 1
414 1
415 1
416 0
417 1
418 0
419 0
420 0
421 0
422 0
423 1
424 0
425 0
426 0
427 0
428 0
429 0
430 0
431 1
432 0
433 1
434 0
435 0
436 0
437 0
438 1
439 0
440 1
441 1
442 0
443 0
444 0
445 0
446 0
447 0
448 1
449 1
450 0
451 1
452 0
453 0
454 0
455 0
456 0
457 0
458 1
459 1
460 0
461 0
462 0
463 1
464 0
465 0
466 1
467 1
468 0
469 0
470 1
471 0
472 0
473 1
474 1
475 0
476 0
477 0
478 0
479 0
480 0
481 0
482 0
483 1
484 1
485 0
486 0
487 0
488 0
489 0
490 0
491 1
492 0
493 0
494 0
495 0
496 0
497 0
498 0
499 0
500 1
501 0
502 1
503 1
504 0
505 1
506 0
507 0
508 1
509 0
510 1
511 0
512 1
513 1
514 0
515 0
516 0
517 0
518 1
519 0
520 1
521 0
522 1
523 0
524 0
525 1
526 0
527 0
528 0
529 0
530 1
531 1
532 0
533 0
534 0
535 1
536 0
537 1
538 0
539 1
540 0
541 1
542 1
543 0
544 1
545 1
546 0
547 0
548 1
549 0
550 0
551 0
552 1
553 0
554 1
555 0
556 0
557 0
558 1
559 0
560 1
561 0
562 0
563 0
564 1
565 0
566 0
567 0
568 0
569 1
570 0
571 1
572 1
573 0
574 1
575 1
576 0
577 0
578 0
579 0
580 1
581 1
582 1
583 0
584 0
585 0
586 0
587 1
588 0
589 0
590 1
591 1
592 0
593 0
594 1
595 0
596 0
597 0
598 0
599 0
600 1
601 0
602 1
603 1
604 1
605 0
606 1
607 0
608 0
609 0
610 0
611 0
612 0
613 1
614 0
615 1
616 1
617 0
618 0
619 0
620 0
621 0
622 1
623 0
624 0
625 0
626 0
627 0
628 1
629 1
630 1
631 0
632 0
633 0
634 0
635 0
636 0
637 0
638 1
639 1
640 0
641 0
642 0
643 0
644 0
645 0
646 1
647 1
648 0
649 1
650 0
651 1
652 0
653 1
654 0
655 0
656 0
657 0
658 1
659 1
660 1
661 0
662 1
663 1
664 0
665 0
666 0
667 1
668 1
669 0
670 0
671 1
672 1
673 0
674 0
675 0
676 0
677 0
678 1
679 0
680 0
681 0
682 0
683 0
684 0
685 1
686 0
687 0
688 1
689 1
690 0
691 0
692 0
693 0
694 1
695 0
696 0
697 0
698 0
699 0
700 1
701 0
702 1
703 1
704 0
705 0
706 0
707 0
708 0
709 1
710 1
711 0
712 0
713 0
714 1
715 0
716 0
717 1
718 1
719 1
720 0
721 1
722 1
723 0
724 0
725 0
726 1
727 0
728 0
729 1
730 0
731 0
732 0
733 0
734 0
735 1
736 0
737 0
738 1
739 0
740 0
741 0
742 0
743 0
744 1
745 1
746 0
747 0
748 0
749 0
750 0
751 0
752 0
753 0
754 0
755 1
756 1
757 0
758 0
759 0
760 0
761 0
762 0
763 0
764 0
765 1
766 1
767 0
768 0
769 1
770 0
771 1
772 1
773 0
774 0
775 1
776 0
777 0
778 0
779 1
780 0
781 1
782 0
783 0
784 1
785 0
786 0
787 0
788 1
789 1
790 0
791 1
792 0
793 0
794 0
795 1
796 0
797 0
798 0
799 1
800 0
801 0
802 1
803 0
804 0
805 0
806 0
807 0
808 1
809 0
810 0
811 1
812 0
813 0
814 1
815 1
816 0
817 0
818 0
819 0
820 0
821 0
822 1
823 0
824 1
825 1
826 0
827 1
828 0
829 0
830 0
831 0
832 0
833 0
834 1
835 1
836 0
837 1
838 1
839 0
840 0
841 0
842 1
843 0
844 0
845 0
846 1
847 0
848 0
849 1
850 0
851 0
852 0
853 1
854 0
855 1
856 1
857 0
858 1
859 0
860 0
861 0
862 1
863 0
864 0
865 1
866 0
867 0
868 0
869 0
870 0
871 0
872 1
873 1
874 1
875 0
876 0
877 1
878 1
879 0
880 0
881 0
882 0
883 1
884 1
885 0
886 0
887 1
888 1
889 0
890 1
891 0
892 1
893 1
894 1
895 0
896 0
897 0
898 0
899 1
900 0
901 1
902 1
903 1
904 0
905 1
906 0
907 0
908 1
909 1
910 0
911 1
912 0
913 0
914 0
915 1
916 0
917 1
918 0
919 0
920 0
921 1
922 0
923 0
924 0
925 0
926 1
927 0
928 1
929 0
930 1
931 1
932 0
933 0
934 0
935 0
936 0
937 1
938 0
939 1
940 0
941 0
942 0
943 0
944 0
945 0
946 0
947 1
948 1
949 0
950 1
951 0
952 0
953 0
954 0
955 0
956 0
957 0
958 1
959 0
960 0
961 0
962 0
963 1
964 0
965 1
966 1
967 0
968 1
969 0
970 1
971 0
972 0
973 0
974 1
975 0
976 1
977 0
978 1
979 0
980 0
981 1
982 0
983 0
984 0
985 0
986 0
987 0
988 1
989 1
990 0
991 1
992 0
993 1
994 1
995 0
996 0
997 0
998 1
999 0
